3.0144075351199984 9.61597868766939 1
12.921575242886389 18.64168817737263 0
9.927653508627039 5.296916902795868 1
9.154774396530385 11.499403385500555 1
14.201129375733231 1.5766531538630635 0
12.115072459465782 14.213040470881879 1
9.705695967655668 11.006214364486464 1
4.785677296669448 14.96551421476414 1
18.701435599473403 9.387765870089655 0
11.32614800529855 12.498947327748152 1
11.165179512645022 6.31863071285105 1
16.06233375405459 12.711085704816515 1
11.117512824559185 14.164672315519047 1
0.5783661410280616 4.106219847309669 0
3.1003784597153294 11.536891900472053 1
6.430466234604024 9.289080444141986 1
0.7443191844604646 18.32142533139519 0
0.4486877305233117 3.4694276829313164 0
19.98875091455236 18.154196585611352 0
1.3734446289386004 0.4417552889974652 0
15.927932614026453 18.558215503831228 0
0.042490594157034156 19.059435285629046 0
14.59332207734933 3.626957678123426 1
3.906191066466431 5.0872640109259954 1
6.301558955642694 10.491098789012055 1
8.879011370306147 2.2559488441289655 1
13.22086119739926 11.588398386752814 1
2.0373425333058193 17.05662765712031 0
16.331945349463965 1.930109391919086 0
3.9860346727614537 15.35185154290183 0
9.544409174145915 13.094594320647664 1
10.812482468481283 13.416975818707318 1
9.132972607804435 15.931019533019771 1
2.743952002063801 15.419454140920754 0
8.676941596121232 13.527356572447136 1
15.50782015144546 17.16553345937408 0
16.487342463486108 0.7481254805653803 0
16.04078028216224 9.221136941484446 1
17.482260716087588 1.5148717978981119 0
5.697271375811903 9.477222791920228 1
6.323135468390564 5.8307522519385095 1
19.500528492610115 7.075949162585921 0
6.531692340863875 7.858081687027445 1
8.155649218782662 0.877283697513771 0
15.764301368232871 15.515307776026104 1
0.42517305102453884 15.997319695245245 0
16.669762859067916 11.399035932581318 1
13.893534841582312 16.876696962260365 1
9.769411418363422 14.256581200038214 1
9.307602330890303 9.274242641246326 1
3.788350243829375 14.273839687563523 1
15.820040815589373 3.286270611264519 0
14.666002750628879 14.96191019444755 1
7.249314706727665 10.470057903472224 1
3.5553103046661483 18.82255471628387 0
2.28224679161948 1.8714963207068336 0
14.21451606459096 0.7796743456794508 0
3.4707673640319925 17.824118023229726 0
18.60661117379771 4.27679448393291 0
1.158438106208095 5.643193668033266 0
16.518025882846334 4.207300483005028 0
7.699738987133113 5.9672731060159006 1
1.5203062048967997 4.305898266536667 0
12.666809663878952 12.348616850936446 1
0.368921850133741 5.31399756133424 0
5.669164923750129 15.085862329828801 1
1.3400474285442954 0.22148402433176395 0
19.866994801647284 18.91995258879013 0
4.369745390184749 16.05534654709667 0
15.361079364991859 1.8965299055983076 0
14.079605915198382 5.179863497689077 1
5.31556083148428 12.819886245633947 1
2.400907271148318 19.033933641637123 0
6.759464285683226 12.536647130820167 1
8.847214477420364 2.835471678970709 1
2.4092239618155875 9.925860925035732 1
15.022145627682747 11.706003448281805 1
0.20689648763218216 4.918199890405182 0
14.13184793921221 14.547959452495714 1
18.87080117203567 6.031450497830571 0
4.975655412960139 0.23250298965507898 0
17.484431745451335 1.106705943475088 0
18.40556661092617 1.9551108119105298 0
10.567454654131065 9.662553317421516 1
0.5724759241443889 8.913127352819977 0
5.549291472792397 6.551941009434339 1
0.20050266570146524 8.398522727944151 0
19.356596542005544 9.271237455152798 0
5.390081347231275 5.563898006661516 1
13.250728561480223 8.943851764451583 1
0.6040837443633529 16.15108244024004 0
4.767820548545534 3.816697660223738 0
2.3976542288078972 10.797039053088273 1
2.584456377591986 9.889401973031562 1
4.561783243814181 0.5966642619314833 0
17.883398720939024 7.943560466847083 0
19.932653528818413 7.817817434863716 0
3.3301047222827673 7.883988831224431 1
2.6411680242569635 11.936134303999719 1
12.34532934849156 15.799066118920774 1
4.5087145784296006 4.808092864269979 1
3.055510256532319 12.291065335535755 1
9.693293344290336 14.784418698810954 1
10.825240563416841 5.595337704241457 1
3.3683800995318958 18.35388658762317 0
14.455403857386758 17.77351083235301 0
17.173943360912514 10.431168727236333 1
17.698807347063564 19.93728197528293 0
15.297892954877861 15.958292330260832 1
10.349627790967968 5.773742569467362 1
1.1103376872017279 7.752826054222634 0
0.49609610677277427 10.38756915687604 0
1.9057883161265843 3.3297767189551175 0
11.0595699891808 8.06131008639882 1
16.52867963257085 16.981004742348464 0
11.76755166951358 14.908099028252908 1
1.1274832785701006 1.3542294104589248 0
16.098473196704155 5.860525547459485 1
14.431956030643233 2.556384348833769 0
13.235365078131043 15.473950952548826 1
16.368956099173932 11.425286392018192 1
9.264903244619092 17.451239246675808 1
12.17784383705334 4.079531806757714 1
2.1751537854400516 2.964693457229224 0
11.10990498308209 19.737772125119918 0
7.953885407986072 14.84501384184459 1
18.494571269252514 2.2567789586799036 0
5.776887602055593 8.736279367168091 1
16.562686821122366 10.704585246522901 1
17.006608427595776 9.141203646859282 1
4.46022458422199 18.770072017313943 0
0.1932327908797027 0.6512033268756579 0
4.135199053058285 15.437424415858672 1
4.546808780928675 13.471816218344648 1
12.967232762322414 10.862858710810222 1
12.392874489240189 18.253249662971903 0
5.712118269690034 13.127258667741597 1
18.88474625472287 5.275077532638406 0
16.040467282721774 9.641856357066041 1
14.88234200880412 5.688050152202145 1
5.218064929268866 17.000549257602593 0
0.4254735146353039 0.20228858020319596 0
6.371383352292554 5.418815941246531 1
0.22646882411119673 1.4536453497536228 0
17.818350763476303 10.672280142918796 1
4.1517054938539815 1.1278863770087488 0
7.688065708262563 0.7086543057966588 0
19.33000024796161 5.2430113804338845 0
4.425092266764114 9.839152728070173 1
12.260499431583412 5.098532004187293 1
18.312180667861053 13.201774807475697 0
9.101255611495292 3.3458382545279464 1
16.148388563732297 19.6761543689831 0
8.81101428454297 12.80775364179724 1
6.51524198695097 4.220985041538059 1
0.1376930018763689 11.38098192095952 0
10.589256794358082 16.138137190068953 1
12.143434896569314 5.167144449523747 1
0.8418955016583629 10.859302515959541 0
2.2731986276558125 14.166627696541598 0
2.8846191020951717 15.137111483660483 0
18.91068784059337 0.7978504294433963 0
11.56436221110522 9.51585260459376 1
5.49785157075934 2.851674374676789 0
4.715257763553915 1.4511296318854505 0
8.494003828581668 0.9546015379064343 0
12.89922023314314 13.085733695565128 1
11.483223761929615 17.85589664287418 1
1.377467543331412 14.783621291594402 0
17.272670136432723 17.215001650096703 0
5.820015138925427 19.18334654241477 0
12.222925229922064 3.2235591814911047 1
1.44901382455225 14.100393932316809 0
5.851282169163603 6.943514618267546 1
3.6402455613813833 4.130195617742823 0
19.860908043813378 10.265653648552874 0
8.16155961080289 6.604074487247916 1
4.956092150150926 7.59708989421775 1
0.9134506550161614 8.890814318038814 0
15.731165327633454 10.746751046151529 1
9.269869433374183 7.465206326988493 1
1.9007397756093347 16.358225760117392 0
7.4184368517678 15.655334993095886 1
11.281291696903812 18.679592154928418 0
10.0803282480838 13.280425562218669 1
3.9673225114302135 4.5413845932968115 0
10.695414543945907 9.660985571924245 1
5.067930840368893 0.9816783315955679 0
6.992003356286183 3.2779416253716653 1
19.21009495553859 9.58289567917073 0
1.0393175632083107 18.499286244383455 0
11.387553971123957 4.754459369407085 1
15.168481148852745 9.367120342070764 1
11.649678833801424 19.67243113511461 0
16.31668835254774 12.979271129102852 1
18.2067419693842 5.717858002600654 0
12.152702493442645 7.366113893312665 1
18.64154990252586 12.649641541141964 0
11.698574262197702 15.578624509062838 1
17.942966102693724 14.045782703931557 0
13.706728051354055 9.869336033422087 1
14.606078100713177 7.301114851696471 1
5.832369855945167 4.7002186969528985 1
12.25593461160635 3.803333782552598 1
6.856738523928582 10.07175838861217 1
15.221885508966302 13.943597345789442 1
19.29512687529524 11.306354067199154 0
0.10543759880017989 14.326063487253371 0
17.828275789547632 7.164653031840558 0
12.950213000576902 10.754829420059977 1
16.162481659241656 15.616116974358734 0
7.188722929749252 12.319542778692622 1
19.119269683275245 9.288889736246364 0
14.982762572907946 13.766686648091653 1
16.161531728742975 1.501178030269057 0
1.0115382210491397 14.477828344982163 0
14.226095952305402 10.814914086919764 1
10.073788499502463 14.053162064803512 1
18.336307217926656 4.000829029751857 0
4.249939318390165 1.1232348938772385 0
5.373571886812836 9.484624032435017 1
5.491015844723648 10.498764365550466 1
18.787298921422245 16.907736749285537 0
3.038453168735966 12.723169768901784 1
16.012311100754825 16.44211829055832 0
5.028575240056892 13.352321462159672 1
18.71543085862118 6.088263876058773 0
1.5997072330277629 18.720335860509753 0
11.513844835904232 7.690696323439477 1
18.375121909724818 11.217329140541295 0
16.80717841757889 15.109643981911603 0
4.563571926772701 4.1174575084889415 0
6.82979474225597 16.169979280788187 1
7.143942030191306 13.851646741289962 1
2.95600617933667 12.791034645845826 1
12.34084076727715 14.017717155462837 1
11.559240398668095 17.851862322768987 0
3.2842544759676118 16.692161802429354 0
0.9326402194784666 16.68904989384329 0
6.368143686611889 7.442646410880349 1
9.942897908678303 9.672716462230742 1
14.518097318493304 3.718490509216168 1
16.999862504475235 8.579570560868682 1
1.2036470908861596 13.052523786235037 0
9.198714753708906 1.8708933972324648 0
4.41823153800544 17.573065858472702 0
0.9579355559804448 16.73397604926333 0
2.322278790732435 13.659664742921061 0
1.6681391292913328 19.36641850219975 0
10.982985430643883 11.890053089946836 1
13.770186228488384 8.858160083740962 1
9.742379420640397 16.762459316715834 1
14.293981184906402 16.1779914658863 1
10.655659053407845 17.352068376244382 1
11.02668512382669 1.195998928105928 0
10.2122287455412 4.7423678607561115 1
19.59969887258226 11.391363678940058 0
15.328907897956254 10.300866330736225 1
13.812567785418448 1.649734579944253 0
17.94826550812592 16.16969925595609 0
13.718298382494732 0.9878016844909676 0
10.397148338762891 17.03976402586081 1
4.991384719584156 9.35092617450744 1
5.567477487564125 2.7562380178285095 0
19.569941481909797 17.42738169538721 0
4.101947612686505 3.4196398209841083 0
18.787074534765964 1.8664017153242707 0
2.7575633362098007 7.201876048261369 1
2.2641350372910396 13.147271831839554 0
7.624421536898483 18.82661791226316 0
10.54588895743942 11.214850564558805 1
8.360345805114202 4.415154959524004 1
15.5017071698635 1.9190096188576122 0
16.745267285571593 13.928201885488951 1
12.880138809680107 17.662890181994236 0
6.740337470348454 5.805457499474118 1
9.052886385689698 18.995528850166796 0
3.097949337296859 1.1485442722428263 0
7.912152889938318 2.2945140803301767 1
5.2268872239615405 14.602395075562315 1
5.183204923623219 1.7680761984864457 0
11.618278731486939 10.815514362470077 1
6.844688911817949 2.344798329069282 0
15.037760976957022 5.526759995194059 1
13.383649867825135 2.847008787456331 1
11.716172358914692 2.531897968630481 1
1.1904093934063376 6.3926916861762155 0
10.985940120657375 0.8132230765507442 0
10.697458141922308 8.11701207640628 1
13.959717240916872 2.1955189621139137 0
13.390527696137042 6.069250755636282 1
7.576794760713918 0.6568693856935837 0
10.431767943251062 3.4686421242394094 1
6.735906707054092 2.8865740433017906 1
19.528965083414846 12.225546770196292 0
8.08102245098535 11.620820021424887 1
15.135862213250276 6.020704817288176 1
1.7807337671878254 4.720659052418954 0
5.907107792436454 2.6463350064243296 0
4.730094725375629 6.940185814335895 1
13.881013933695137 19.018352111518325 0
3.937599372146523 2.0854244053282733 0
10.543854252590684 7.168953905598768 1
11.885201213264704 7.671962830921826 1
11.962452755068885 13.267036173172208 1
8.095907612927718 10.575163396796807 1
3.0092130187764243 16.74736947720688 0
18.615169789062357 15.633545979860068 0
2.2982647388373456 14.249612211998102 0
11.542588182269567 1.0666364470097034 0
13.602224139948758 19.022574864267973 0
19.3573413030771 12.281508089164891 0
19.66886629474346 4.516295012428588 0
1.7465524283646294 3.8528844963682185 0
0.7320049750782287 19.796570448800736 0
0.14864815185044788 14.799939421777559 0
9.91566933680129 18.421124123532202 0
8.755504276208299 11.086704678901063 1
15.750272380625372 14.114420427199171 1
18.7905973433231 7.786803480836177 0
6.09249513484325 18.16784381638437 0
3.432449324163571 13.194778033525818 1
17.500303997092434 14.172909562991272 0
6.030790363913674 10.834455919845317 1
14.788997052842518 19.856085453689666 0
19.434861134153365 13.230702082361965 0
3.6225316468489077 5.831959196790724 1
17.716967021879533 11.761092267273055 1
19.47985066144964 9.840549289160291 0
18.549218862514284 16.78751804716689 0
5.964916954148629 3.3915275032125014 1
3.4747967552226178 14.392319931265687 1
10.460482934762164 12.095441494544763 1
2.1256686915887735 2.752561429066509 0
17.90471091572618 3.568960941133912 0
9.975835938617035 6.058861583676272 1
11.11801364796132 15.637503817358052 1
19.815841416525192 2.9348857452996735 0
1.7933093300438152 19.195997444352827 0
9.64043993201538 19.49692309610835 0
19.80829833222366 3.8484177902022587 0
16.113256934613286 5.655514074999259 1
7.281062302860965 5.858960015507364 1
7.944530182246162 9.562478113542177 1
4.201437033129272 2.864976337065601 0
5.602370270492056 4.834492781714317 1
12.878225042307443 2.3227105920076285 0
3.9888505945527575 9.818134398543686 1
0.20175705365734764 16.525263827408576 0
12.7794425919118 19.565169311630306 0
4.518714669948817 9.052021034159187 1
12.139139882968987 11.478075545045161 1
18.62554699933947 16.69822747739167 0
9.294132641172709 11.896400108769686 1
14.319880431863911 19.15730022337786 0
0.11087773056941863 10.71783794103364 0
13.211851573970756 17.172683528911136 1
17.810231212083025 0.6260216689895381 0
16.666470573578703 1.7286349659910938 0
15.355003943036925 14.527763680456268 1
13.152864632032653 16.655915316526762 1
17.635533098284295 16.692548107993225 0
15.999943229950713 14.460781595676746 1
12.060853354769446 7.275749304403448 1
10.823379102531337 5.7964012520528225 1
2.359401888892203 6.921582683517573 0
16.708488482734477 6.027560173672191 1
7.146544776029213 14.145277977877665 1
12.802365203313073 4.462387678030366 1
13.167722874388692 18.69049553487679 0
14.47744663032407 9.129127300780151 1
7.916088029953685 19.567879006107407 0
5.590298692377127 12.157923240393904 1
7.872182571686588 1.0897836944575467 0
9.624089117292167 6.680746736105099 1
7.690338806414154 6.411413960896947 1
14.68834480480632 16.54406287951228 0
9.83068688315896 0.8278386784748015 0
18.090784065126392 18.59632791806489 0
15.17798318971549 16.77027089730822 0
4.301552100641239 5.052562179913553 1
8.664232098395662 4.332921300696279 1
9.405083401553178 0.2632882045820395 0
13.367880896602609 7.788837109946806 1
12.754466978550155 8.806755611620149 1
19.713714740371245 15.571456248962987 0
14.331056208777134 2.4831925721439707 0
15.63834077156887 17.207885995207572 0
13.094664045045699 3.70631807823796 1
7.204407747612091 13.105026118235926 1
13.43090190045997 15.893332109544415 1
1.7096587961122367 9.554926393919104 0
2.709068428152448 7.639336688354219 1
17.89792405427981 16.980661621587807 0
13.01967813302034 10.87154321021853 1
3.02450134892543 11.500533723059878 1
15.690505861029273 3.174938443377333 0
17.517055634894444 13.439427004030666 0
18.949717347857355 12.22548223734708 0
2.7228388891979627 6.477329242762464 0
10.772636718502532 3.9547596471016244 1
9.76495037427327 2.984394954889944 1
3.988082871835543 11.176269183669705 1
2.9280071208339264 5.66414949967299 0
17.265924351679903 1.1325962950143764 0
8.818993432232388 12.919869942548328 1
4.915782350650446 7.300248549530137 1
11.09009829692382 0.29789617508348964 0
12.525165327062629 6.637178624354847 1
14.1428435715409 7.89268287035658 1
5.556911697021594 7.502983246801794 1
16.316690607250585 3.626519365902676 0
0.5386384447739179 9.348537357185867 0
0.6515696131199333 6.32745652138214 0
14.14787222196223 16.741821477575098 1
17.167529042737225 13.227660207374132 1
5.680210844914823 19.11574064523698 0
14.57697190541029 16.661970708795163 0
5.788268892410244 10.016878941750749 1
5.294809504389518 13.142759632745122 1
5.0934593889312385 6.1526352533891675 1
0.47056003509934996 9.01044669169967 0
12.006047078549349 5.7352580385458225 1
7.158544799757635 17.488917129835254 0
11.866281996568313 13.029811367382125 1
3.914222993974932 12.070351026245554 1
16.286703625105833 5.90864611171858 1
3.638027370545087 8.212146233240269 1
10.11628974147139 14.141053906290235 1
11.938555503213044 16.059861138743162 1
14.02633643822536 9.145321937082754 1
11.21169719169508 0.44988065875224414 0
16.839658157938516 14.39707088613418 0
3.2018350764247283 17.32209832592611 0
13.583774239925239 4.590023979666165 1
4.074211964150372 6.671592761735234 1
19.136190023490943 16.155720861878642 0
15.607639143833293 13.228079517567267 1
7.3731480164058105 13.214493089159445 1
13.835761453167306 18.269911728947697 0
9.135852832406515 11.360005263559245 1
12.508089921620622 14.29530744163294 1
14.846652899583843 9.639353569755762 1
10.188041601699119 1.440432589456202 0
5.253548630373612 7.386554946178152 1
4.583274676714342 1.0481547433335003 0
13.877654416842077 5.641181473312371 1
11.147969437399784 8.89932554118676 1
3.3551934514372683 1.2749148610161476 0
2.7714364304258687 1.5110522306668561 0
9.49005881233338 11.112769539864239 1
15.055395977328525 3.120157625468256 0
16.1830117933716 0.7840238370381725 0
11.353678708176458 13.431167401628787 1
12.388326534786218 8.08612798616726 1
8.953314815633036 6.3237366636585834 1
9.849860520579735 1.2543276181549579 0
17.464102796880294 7.93747880912097 1
2.836279306191394 19.08205520383439 0
1.2852864079493953 12.84202807115183 0
19.59163591629875 17.292269257157763 0
9.719277486452745 1.6941082185600354 0
17.31629080421013 16.980917429842886 0
17.115436281794057 19.889716675327577 0
6.879987697788168 16.669983856391163 1
13.953800795872882 1.266050206997924 0
8.956121296805982 10.39639029158548 1
3.8247504861874404 16.631860112697964 0
2.8876803568323184 8.690918851000742 1
6.0048460246972635 17.62098404566949 0
6.639938257560923 5.947604173394829 1
18.495608528124414 8.958619124500483 0
11.652628233676808 14.322626314813924 1
19.938305077551355 17.74453155978058 0
7.9007322818698 0.5930870706693314 0
9.592302772477082 19.578821634679684 0
4.891412339976751 3.325692810746965 0
16.393384532324824 11.311361711528098 1
17.374288286826346 11.829951528314426 1
2.978277174882853 6.4700754436519015 1
9.853275609840155 9.764940345653637 1
1.9390187628862976 7.031682569470393 0
7.820049877074036 2.7137073753842667 1
1.7949046384840317 9.33452332338516 0
14.871867962653297 5.645351866936437 1
7.460486067688206 6.520568578765989 1
15.212928566206987 1.2329474134346596 0
11.429289866936482 10.113279517274595 1
8.650791295318305 6.571718431750022 1
5.336496117481941 14.777540159492311 1
4.067763483650751 18.481869057804747 0
19.358267943719973 10.191458521143348 0
13.440478073291366 13.85923843666973 1
17.61083336120472 18.7902118124414 0
4.222171132369869 5.279033989264052 1
8.385569232172362 8.032692764753806 1
10.994886075413605 2.799522354360726 1
19.47185331774509 10.769238149693507 0
1.430048329197866 6.119978210793446 0
0.5634476501609198 19.29521423880517 0
14.761203632539619 1.1117449678151803 0
9.802087956082122 4.670106623238275 1
17.988178351816696 7.719683456180235 0
15.411228144649785 0.6748480165123572 0
6.408452029649359 17.81422451720292 0
6.583623645352654 5.293333505890034 1
8.232605329856613 4.209045894167723 1
12.05998531402103 3.7716529538112353 1
16.005889518178137 18.58335336632799 0
12.991525556893306 13.33551943623787 1
6.906341614687365 17.54068209850738 0
19.390135544446444 17.266596209059056 0
11.185931673072812 9.899895241140566 1
3.752261050717165 15.714996816065252 0
6.5068158473585 4.723304083872806 1
10.97574098696893 16.01341577316087 1
10.473784676529752 13.519899604779507 1
8.154103782000583 15.151277142974127 1
14.409261135199014 3.8381326541543537 1
5.1470483175898085 11.961293064184744 1
5.469266254297036 11.462965229293847 1
9.737380445330345 18.50881765770398 0
13.805536722250228 1.6602311335776387 0
14.034726630237241 9.844197446555835 1
2.335570069380204 8.668535285924868 1
11.507255596426152 16.971801296941443 1
13.582273887128382 13.231820686305886 1
4.278159355358242 5.159174812335847 1
12.117499476322918 11.2105439249249 1
15.571434338095106 13.055737733412332 1
13.3835900092157 16.44511716597786 1
1.1499722525959855 2.1045528772949718 0
11.948421215364478 14.153522546163122 1
7.45919151232846 15.111782588328051 1
16.03990032164059 4.942058642748721 1
15.634340600524169 12.554998585659053 1
19.765658907171623 11.878969390434332 0
5.455239743230309 9.994882079582075 1
4.9398463390482705 17.53598833794917 0
17.96992385149544 11.276771151200478 0
12.281320196701422 19.86428552070367 0
15.993064001312343 13.213619842525453 1
5.76127047803443 4.563611409264081 1
4.893428112451181 13.139686475196143 1
0.7673736579773593 8.242527231758597 0
13.85674579005326 3.5843666739176494 1
10.19665403377479 9.76199995689102 1
9.532833613324792 12.690071071633536 1
3.8989843896428145 18.005362120351343 0
15.798262904870008 16.648903473165724 0
0.8789195678184347 0.489695491393467 0
14.193217508409855 8.690703895153078 1
17.600091147749445 0.24751562599543808 0
10.132423381631142 8.843110485182082 1
7.474278532348258 3.2755132878989013 1
6.980910381014307 16.235736335960304 1
18.09323448474737 0.2309153822309007 0
19.355608117569933 15.370426515011637 0
16.79423765611657 8.036580959467162 1
14.869463451136342 18.108845359627338 0
16.373461177153132 11.45748820481743 1
0.4532894657158648 12.555962830961011 0
5.855934660325786 0.9081396019590038 0
16.569925305053953 2.335705080428747 0
3.7258689861733774 12.683430650299055 1
11.792918414121246 12.909814263269242 1
8.758707731435768 3.7118530369004055 1
14.238902268204418 12.830309303002977 1
15.149608700047743 9.436527549031272 1
2.6448776284488984 3.9929284282773847 0
16.189173080304137 11.563027657122614 1
11.735246120158633 3.2458181981933754 1
12.98337762298389 18.055596633244736 0
8.99827801742373 16.4678682735832 1
5.458753967942793 17.603754537266738 0
15.637749783215158 9.704916804985924 1
7.591297764193337 2.712909601425888 1
17.810768287205004 13.768588915672993 0
15.913877170540353 1.8580708754286457 0
16.335583670827504 4.546248592403237 0
17.408148682687685 0.9266084206006808 0
8.807200303172358 19.992169613818636 0
11.931656047804564 12.909637484555246 1
11.33693585628318 14.561807956238264 1
2.9555792174666617 15.453495510854761 0
12.99625386739779 4.604069566856682 1
11.65331715186596 18.056907779345476 0
11.979227404436836 18.66445876880326 0
4.162170438960063 4.557972444810936 1
19.093198641153 19.475926778966787 0
12.523344977699738 10.261324496516583 1
14.789065497913395 1.9870504548243684 0
6.0252232183191445 17.749848354826227 0
0.18232362232399657 12.060145250509658 0
1.505966670346508 9.278764144283029 0
2.3866802365847817 8.781162143317117 1
6.694064368732797 11.569475376190647 1
7.368305589445471 11.381391591644075 1
13.963536908299881 0.2264276681047206 0
6.853329572136754 6.914545544676525 1
6.419796303245731 14.573263122420117 1
8.026757898988937 18.262821614254822 0
17.85743325087659 9.048615189624869 1
9.111239740038911 4.10945136643895 1
2.7887836546731903 5.2756558193778025 0
5.659592666303041 19.350496550760077 0
17.360800852956167 0.9100323443095726 0
19.027045922831416 9.63528793746011 0
2.3182334950072425 4.056662512455141 0
9.804367035403496 5.874161383815187 1
14.32630851914224 3.246998652833437 0
15.983899765757938 16.223619293179702 0
18.2259512301395 0.29476462948448967 0
5.736188757950281 17.456537750195707 0
18.2277290154059 9.194181929309305 0
2.0777496506160964 5.376930243046727 0
12.092652847252364 15.575754299800657 1
11.146707755108846 19.08887625176624 0
18.638538703632005 5.4177067477228995 0
5.12701083321752 4.473466064173957 1
0.5543260712384135 17.284015610177438 0
1.2282347429006535 7.475685071010069 0
13.486763898126853 16.77395061436457 1
12.273138574492727 9.194035787723166 1
0.782338094612538 6.605372294017551 0
2.7176965447977985 16.040032663664675 0
1.1668086713697767 19.383094932466342 0
11.71994581285034 0.20446325812000898 0
7.051946215476517 3.062051001960173 1
18.81093153031695 5.602683053056281 0
15.070344935314719 10.241438918551673 1
6.7182605537260915 17.91472309591083 0
11.956323258283106 13.757683596196822 1
5.076219931744079 9.632363698757288 1
9.240877826677004 15.812064913857089 1
4.362977683328895 13.78364857548502 1
3.722151196038699 7.925735591106992 1
0.8654548287818398 14.47037718917466 0
12.338942620961863 19.87481522214862 0
3.7083141634024597 7.0026143579777145 1
2.8085476814693244 19.814630904992796 0
17.12605732812741 16.51801883788207 0
16.34703543147978 5.1091781908855864 0
14.105218792489943 19.804973831746842 0
5.075665309300699 19.735121578325916 0
18.779285528307415 16.618531543580865 0
15.370827255692813 6.966166416424809 1
16.515087115167837 1.5411646545560709 0
16.620161340405655 15.802599471992977 0
7.666571142511596 10.940170378053152 1
12.157768067562873 12.437325481697707 1
18.455337960557124 14.748754958505394 0
3.9385429035195463 2.2902259529785685 0
1.2982081241438026 19.172161239935598 0
18.441533788242275 16.39281069860808 0
13.927589870659677 4.642648239607732 1
15.217906143814197 19.7790745087512 0
4.64112703151915 11.304903412976557 1
17.888257237503268 2.543572384627033 0
11.053538534164495 4.803112463556607 1
5.011713608285748 14.327684894768112 1
17.425465749808264 9.526217379213275 1
17.400539789073964 1.2631925658837861 0
6.908454766437158 8.879943824836378 1
0.10895618088567094 16.510791986879184 0
11.881031171255511 13.045336215722818 1
18.024936513686924 17.45487612698921 0
14.09825906476678 7.3238551683996285 1
12.61666944593552 18.31353396539893 0
4.810457992735982 4.0904670947467725 1
7.490842371156035 3.8031157330888687 1
5.787525384129135 7.480462891538919 1
12.596587771481925 12.587068727537911 1
16.791307173601336 16.09610797358651 0
5.707867345014264 3.9097795430726223 1
6.640172845801995 1.3992281589480227 0
7.548965441873527 8.40321184714333 1
11.501046243666881 4.076690641515586 1
4.721059164865478 13.20523239390054 1
1.021515789239642 17.48893739378361 0
4.4140225383537945 3.6274986576557855 0
12.637344386876567 6.727062650003093 1
2.5333594931004755 17.96105246821635 0
19.520625880955052 4.006306588630457 0
0.2748441964590964 10.471019931833345 0
16.03966551436441 15.601929808909674 0
9.994099669831122 16.98268377419275 1
2.9116642251008185 10.265873591672257 1
0.9899647396150502 5.101231725324191 0
7.503403898278613 17.720853484243413 0
11.86824099380755 1.9547672113949544 0
6.68851962661658 16.640409588046225 1
10.690962828822794 9.220394878816432 1
1.8852735844078827 14.649105161662579 0
12.7970501649068 11.604904616855302 1
1.941134997849816 12.492397222159992 0
0.4339050987159454 14.267935921182705 0
3.274445202448022 18.710772870650622 0
7.391470130691687 13.331128464341088 1
6.244939471267708 18.071895819285086 0
4.806124104469527 4.3389718938098 1
6.122050483435981 12.434989348347417 1
2.970313798624815 7.558972786945484 1
4.442886644565737 15.46764690173141 1
19.22093806934359 18.763166970742237 0
13.422031474646968 10.386338042529387 1
3.4901397571658177 5.946599179375223 1
11.801164821706806 19.170313477556192 0
8.981734071793259 17.38087442542068 1
13.893403369539023 12.178704906701013 1
8.42803545411591 19.062353394620928 0
17.02771080453687 9.068040781617363 1
10.685626202742089 8.46331038991021 1
8.552511544002304 3.2047957393167326 1
0.03687717095892662 8.63773014840322 0
13.084060120845507 5.309600266440373 1
11.6288737222666 16.489039258702498 1
14.04656306941675 10.517784534867221 1
1.5846593084316374 11.777469604017805 0
6.3912358131577385 10.241184236160683 1
18.22615198022111 10.134203512616438 0
14.826888724883787 15.861937523510342 1
0.9795965173087295 5.245068549156069 0
6.9845378370130256 19.68360272243952 0
17.562453385852027 10.414665843666004 1
17.593054654497454 9.3398547109926 1
5.8740535809377326 2.063362611463049 0
8.013891649542103 12.205960925780769 1
10.232959634686502 9.894218827120433 1
17.298487833558937 14.214043158806334 0
6.105527391150138 16.65759006407613 1
4.607102930468607 3.173027992393185 0
4.1395065672156806 9.309330517655244 1
11.67069154400997 3.7217711183199986 1
16.78835465772998 8.179994908764412 1
11.371469775942902 17.507608422384063 1
7.657396295271004 14.669528340425998 1
0.9254779223768272 12.917247675256432 0
9.531249640102805 1.4037417464979574 0
19.43887900290167 6.018217124586722 0
12.732646266154422 16.130108986509974 1
7.585020505749343 16.54769457517314 1
5.887418000430973 11.140742180371966 1
14.572499868496742 1.7904609503999835 0
17.397960859837124 1.515669233816288 0
12.450543169044359 12.16680278194965 1
13.602006012317185 3.628558781601028 1
11.655848743598336 17.771978832408234 1
4.157436529988621 9.157818917338965 1
16.333382407249925 7.867932695814439 1
8.289517893575775 12.800704404865686 1
7.651937480563776 17.248748444026948 1
14.701846386744151 3.344042564062275 0
3.2373108611860313 11.098738376470003 1
15.332036521599848 11.769323739965412 1
6.249557378635138 7.425305099907558 1
13.78033234962359 6.541907590585647 1
18.39975657979344 12.717137886335621 0
3.9852756997642946 15.360721206275175 0
5.362915512012149 2.6683114904131533 0
9.721247003856401 6.842443661982256 1
14.185072806951947 0.0013016885244110377 0
15.337873096531796 3.1793084074332145 0
2.097077923526778 16.235689997727057 0
8.070619713897537 14.036513239105023 1
15.129228935807413 12.729381583625099 1
5.057041843057073 7.429188263837576 1
8.058033633276256 18.749766360558443 0
3.373583344187512 4.715898431948311 0
13.502079289722722 10.107016802299192 1
0.23740987840625394 10.03550490332551 0
3.227964556647107 6.594205034881357 1
7.3819831033596 2.0038131121461755 0
16.100825174607788 18.89795124328526 0
0.6987052525916204 10.067795511480908 0
15.362355517287266 8.9490293329653 1
7.813718096221072 12.369930241632272 1
14.578429177991332 11.645735291176456 1
6.334412253294904 11.15424242313578 1
10.900949378629232 12.697009841224322 1
9.132159661746824 12.536351303603432 1
14.809004351810874 11.558657123916355 1
16.28444510372967 6.792501505390209 1
14.59936392502829 14.582064750114906 1
0.7165593397944781 19.01177063053655 0
6.432109315189535 17.873906926277844 0
12.955783326446168 3.2830596948627178 1
1.9122089550445054 14.016097104539773 0
10.298478064558749 4.246337386000554 1
16.25343760429014 10.995129191302146 1
11.733412227635254 19.722114163560363 0
5.00355043366389 3.80103608519623 1
11.17860748728402 14.32842103330316 1
5.96645357334058 6.727131877213819 1
3.3260544850370333 12.667758920273766 1
7.146295369932323 1.4917143381735154 0
18.679642817531185 12.213385117936559 0
15.4538282584011 14.329155714931867 1
8.601383762645202 10.574445310287352 1
19.207828560013546 19.703058639690354 0
6.853688397830107 9.277455125930938 1
13.962324896499858 10.186271023289537 1
16.548178820077737 7.299324707558233 1
9.099296193821596 9.746326513098458 1
5.810419143889014 5.6184346595069234 1
11.768934421005945 7.848838206186539 1
11.190294468720941 15.452868251840977 1
5.099462458605029 16.3594912733642 0
3.45141117223974 2.5936548654738067 0
11.362954172079736 4.859446658263876 1
4.663523488469117 5.7760511086359845 1
6.4130339095566935 7.947300490255486 1
1.7265235207847285 19.559211408202476 0
18.552394694301455 15.721276389703265 0
8.176652304037905 7.342454374432499 1
13.390098634542607 3.357789445955839 1
11.59122971646239 1.8399781070044052 0
17.9956680193101 14.264553941200543 0
1.4239856728453515 17.01495442723765 0
13.251043995694165 0.6248913855113147 0
17.48140087026656 2.6906884240279494 0
15.516419790097423 13.168572574912085 1
12.545138007346058 6.264101908452393 1
15.86050386083709 11.048674597604569 1
19.350327963130237 17.811886195092004 0
10.444374172699685 12.575689435009442 1
18.420163065831566 5.587084024461304 0
8.204755769776341 8.755135399829024 1
8.440499496392155 1.013007741436529 0
2.574863611192224 8.602007865341077 1
14.564553666764365 2.489022763547124 0
5.926786883640467 7.666623994154813 1
0.20950223542455015 4.506180335300267 0
14.431806396293847 5.3353565377312755 1
18.7940414077221 19.745741466308957 0
17.74441116529198 9.39672453552707 1
14.681066255565218 11.376242166294626 1
5.5594018582123965 16.714929889483404 0
17.79841488029757 2.245098347295378 0
5.589515735032775 19.480761274051794 0
15.47712610763554 16.966037434487586 0
15.165094944650734 2.6892807740560642 0
6.8521101395209705 17.97542984649062 0
11.078970096510616 15.564806639384852 1
15.286748511258015 6.702744314423088 1
1.2624844774491284 18.146166363826893 0
15.61072451791418 7.040646385826436 1
16.674153221888346 2.66226558383984 0
6.533565651853824 9.301378177162373 1
3.9844644385909422 15.979775565492462 0
18.21097919689954 8.438929096040468 0
10.890285669549097 3.551402037487257 1
2.4017623815645828 6.044070325230713 0
5.4617254545057214 13.360719957587015 1
6.017111684988999 0.19559016593341028 0
3.052621954914263 14.685709167461747 0
14.041055130628878 4.928355456693256 1
7.208319872783841 13.13114429823404 1
0.6685162092311048 14.292954231162332 0
1.0686424340836376 18.774644410484964 0
1.1934602369747527 1.521288446560718 0
10.00533600954141 4.720945493394777 1
11.097054753723718 5.032654124040472 1
12.667209850240164 2.714753259056899 1
2.405994548631345 14.187037657241596 0
6.381309497481991 12.674844286464719 1
15.05179284376905 0.8944781852350547 0
15.64361834713753 13.538893930518753 1
13.996368876507507 12.065252678522436 1
4.483831813639689 10.13847225145538 1
12.479618574046993 14.231069844596309 1
10.763483513340512 8.217863672822007 1
18.88190853014005 19.585655255443147 0
11.785488087936118 15.646232473047455 1
11.560681054361249 17.555385614639412 1
11.226980632926251 9.66358931874649 1
16.231462853387136 13.67946605299407 1
0.9118167292778967 17.43607522566428 0
8.80743308119126 16.20283165347147 1
2.405737830277843 12.506809327275413 1
10.232837318202908 7.536210581840308 1
14.815123856895912 15.00809459866483 1
1.680263071403696 19.181771502769283 0
3.232326842043236 18.714820348789235 0
1.5166483698185407 7.414030867268564 0
16.348172453887905 3.2008420683501826 0
11.981740041023432 4.809701054649569 1
9.385507637620513 6.3744696528445255 1
12.116951458274707 4.904519659926338 1
15.80093157429169 17.824149531564586 0
15.560579285229913 17.59997870788438 0
13.228295083262559 18.04404126744514 0
6.296321352197978 3.4169335040541493 1
16.411598298592992 10.580379320791177 1
14.270967939814664 10.415603503229596 1
5.030904564891663 10.313847580341239 1
0.6591781587405299 4.826697602372589 0
7.922768016266812 19.582825831000427 0
2.9722963277915793 6.638034878819092 1
7.210603043539743 0.6159984657171869 0
6.488891905264575 16.193008369530414 1
6.825787354330652 13.571557654731093 1
12.285413307506005 13.110780026525733 1
11.11995278688094 3.866491064288682 1
17.266714094313436 12.696112475235402 1
11.602924368720808 12.46878934738877 1
9.701021301596626 16.001125109056712 1
9.161426486211013 9.64409797016887 1
8.77110308575719 14.316972970867226 1
8.122981479608091 9.169212256448926 1
16.485884356811685 3.986901019429492 0
18.709559820991966 7.323766673135797 0
1.312953054911763 18.28878759228772 0
17.425642895224907 14.587589621591865 0
4.563976526546205 14.667133321763266 1
9.629089491548763 0.8842094453256188 0
2.209762119779133 1.7666018319749566 0
16.535423062195225 14.712560048881922 0
18.24873084773989 13.410880867122884 0
2.2622402732681746 6.913812493977112 0
2.1913789844979448 7.509031775559736 0
16.359032912665366 7.303932655974976 1
13.570478775687695 9.019699634674371 1
16.26453575995763 2.2482308170931797 0
10.705461011203223 13.835917336836125 1
7.110452090205226 8.068568853839007 1
13.787464690015344 10.19574067475618 1
19.26222912383297 17.099809886133702 0
15.653931962268652 6.314307194147053 1
15.694497071033107 2.3523593022366462 0
14.074600520592437 8.045002625016275 1
6.283652596432152 8.520080971446768 1
8.587400321520658 16.436963463454685 1
11.598468548333862 5.639840762786445 1
6.183085153461465 4.185613872563523 1
6.1022067407856495 8.439696594456123 1
3.0907137475735946 14.692523282947663 0
7.547542635702751 18.377292462849677 0
13.029434290459541 14.759756543097746 1
13.409340441684334 17.256496260463127 0
14.295155800925896 11.041510510871529 1
3.8741275472557413 14.234012763848119 1
17.953216886463775 4.208408628688467 0
16.87441296116188 8.624371705257161 1
12.538817852987663 9.33802103997304 1
16.995926181419346 2.4344710332169295 0
6.106546974545419 1.6762524645556587 0
7.965598545181414 16.30317135266133 1
0.9896746823604796 12.437170277300885 0
15.120977341166117 18.071356761329106 0
5.362308839501003 5.8899862416905435 1
4.905639400267557 6.200531513183314 1
9.691421037431349 10.787715832061204 1
5.770988808310622 8.304669731851583 1
17.908311817155244 4.133297268790104 0
1.841676433669095 2.1395120267862833 0
17.678972056418413 8.416474723541338 1
1.0746293916820027 5.799928470171261 0
6.604740441879102 9.63386637069531 1
12.444105399219778 2.996746591850772 1
13.531070606593335 19.136577356556064 0
17.406233989236757 18.89098322135087 0
3.1340730960494945 0.25186408686310946 0
12.350450882737293 17.396328120253422 1
1.4146710824753872 3.682272289176869 0
4.632925067641223 0.7329633973508387 0
13.161377752360606 13.16777542210928 1
15.229110198143028 7.623829779589926 1
1.0179051209182655 11.321709695680939 0
18.050014021160113 2.342238221809674 0
9.720249869378016 10.340827699775259 1
14.981342591582756 12.691310343346112 1
13.829838487310461 11.450951025480109 1
14.393455585918392 10.426444143606712 1
0.35847679615566674 0.7266740773213587 0
6.467508277799641 3.2140201572462312 1
0.29629025639413165 7.030936703321917 0
13.919192109598368 7.448496711432517 1
15.241641150505131 9.149324516387637 1
16.76308396101438 15.703728999737356 0
18.05307125175556 10.545958298062452 0
11.292132162069874 10.924357183787269 1
5.926243018887383 1.1437672601145032 0
11.961519690527044 0.6291269950066947 0
1.1366227624249992 15.279446260081677 0
14.005057221486062 15.774108590088648 1
5.310313449397375 19.2089310506902 0
12.75898198451381 15.848728862818476 1
17.738592450711376 9.713010581042138 1
0.11343381755251958 18.077662641628688 0
10.674865689398663 5.572992327852178 1
7.446240139107994 7.939864333627109 1
19.868409651586674 11.921379686033362 0
4.66048820857671 7.5419842190286746 1
16.07412582945768 12.187484312161832 1
17.54073436393415 14.724099094068064 0
6.061074036891663 19.53632379233413 0
7.626445267867322 0.5429036428690548 0
8.933848112064425 17.268018184083346 1
0.37476937728138093 3.0782555952967083 0
10.354280556893231 3.661642874166404 1
12.440430265421472 1.6813665316557302 0
10.076464153926235 5.085265147363787 1
19.111824871441584 2.74494061290826 0
12.664451367771342 12.609185387463352 1
1.309296897741954 15.78636163368028 0
10.473485455479455 19.90546433067047 0
2.0665536716868083 4.537914291364888 0
10.023423014095702 4.944752664451579 1
6.172876012353566 0.29235179782075127 0
19.88979760158124 5.449623689691929 0
9.260897760879258 14.293827039466564 1
16.652484432724755 1.4623570676623165 0
5.216344071621282 4.853766925934511 1
14.330263759121225 6.859096428461071 1
9.852217906771791 13.494069891841514 1
6.596016232591464 6.183619688951724 1
13.235305712415027 12.678921267286938 1
9.644166710019173 14.910879845104327 1
11.862153866517799 2.5336802006489 1
0.6097405573164272 5.289640290937436 0
3.5053390274300367 2.296852059864485 0
10.602165894685385 12.866383044109309 1
16.97045156031425 1.1787154883615636 0
0.9602349197571547 13.499842412375607 0
3.7310377012202456 16.89247585081457 0
18.286029954295696 5.393553793074877 0
19.63565008653292 16.391926048369992 0
6.247017178837087 5.167520212737795 1
2.2744853359613537 0.21983825187937622 0
1.193620713068424 7.549756759340747 0
16.5538809182186 15.066116634800974 0
15.776260330210333 16.066424086901606 0
17.118025163496938 5.026407473595295 0
0.2821465127864964 14.345743403285677 0
5.282914380846686 2.6560913424421684 0
0.9694431470073028 17.277709727488762 0
7.855975949843296 12.856585785847809 1
16.055399251925223 5.022655497507955 1
18.16039072329262 18.89259726771887 0
3.7445912775743118 9.813201292458427 1
11.36117643045337 0.786246578673433 0
16.424851369570963 7.486087022523833 1
8.815653709223437 1.6784161167252698 0
18.55056921884052 0.32538759453974997 0
6.849996465203121 3.7247445746220054 1
11.276992146706085 5.46515588694604 1
17.297029264326472 1.4973780485923216 0
13.377334682656333 15.081678442556791 1
6.498606017387322 3.8741575444872445 1
10.856944943123958 4.411932564619363 1
10.984637457560202 0.028590369721808173 0
16.907839767381663 17.580357177283673 0
16.924748756180506 1.5021738593324252 0
13.142154103545899 16.595395041813315 1
19.65002021303888 19.51735604701073 0
3.044182446209207 17.51647928506662 0
6.2953466896850285 15.956109244617805 1
11.796019622618106 6.086687341043977 1
12.372037700916342 19.77389942062134 0
16.39855700670631 10.986969721730777 1
19.682244215269666 7.953630325239638 0
5.784722438402472 18.565096931029913 0
14.534943986958638 8.941330215306678 1
15.326495542378922 13.437318811734379 1
14.88022492876253 8.807321167166569 1
9.251313849960939 17.486406934647228 1
1.1750442336036349 18.908754938506377 0
4.238357796592849 3.048884453094962 0
19.346333737303127 3.8931848531135427 0
1.7030550940308808 0.328305074477917 0
3.093671066113719 1.805833202507201 0
11.999868654820316 17.28086632199321 1
0.09550389877285514 10.587703754440852 0
4.368052632853054 2.090725795913484 0
16.938924864178926 15.241586486409771 0
9.122915655638462 3.7919657671358276 1
18.05679184157865 19.64937481566526 0
5.075042292333627 13.079506572864076 1
6.312353343184107 16.06708275093425 1
0.5974730126456818 12.77093331482371 0
2.455109962628008 3.27250015771795 0
0.6157989472906733 18.34290871970963 0
7.4393276772457 7.811762031710339 1
13.498406294673671 8.063409446556733 1
3.258116697255291 2.6954072419138853 0
17.93800159279664 6.170130281461668 0
14.46220975334317 4.946846157662708 1
6.7051280058241165 19.56382334247985 0
17.723968706319344 17.578649936594648 0
5.768267440748922 14.693896192675574 1
7.236333561809076 17.056692619881634 1
0.8466531786679043 9.045982826626126 0
7.484984401340262 2.9198548580639927 1
18.684652700094418 15.634851415573898 0
19.619307942274297 18.62835302353901 0
8.612241387220948 2.5412986754590916 1
17.82315091111552 18.7490017618959 0
16.6032678349768 4.889258320381222 0
10.82554976503932 5.693472971636946 1
11.770946158993684 19.13678106891357 0
15.966786098876932 7.539284934217367 1
12.750846685639832 5.11584089652138 1
17.848882782842637 10.968377893156443 1
8.483303193140745 7.2000105390826 1
17.06961426605867 0.6949059373399247 0
18.186752109295526 11.364403619366055 0
19.43358690388182 1.8510438678795071 0
4.337814686892947 16.58215436272414 0
4.5635129354593085 18.34008942749829 0
4.062897083144206 10.770563417161526 1
14.73477909513663 5.1322032972215625 1
6.247545893884052 11.432213782404757 1
6.014205635545798 5.894939303965339 1
8.403514913968259 7.524816146198711 1
13.114624219661405 6.862809585753111 1
17.70263957149385 10.440656201570935 1
16.026273083045226 18.823960793687423 0
19.477991677897485 11.85023948292686 0
2.845283582121192 14.146717581497903 0
6.624050157086545 5.567540194301214 1
2.4427412925646785 5.075198261433158 0
13.914531241066129 7.267543694876317 1
17.649749288439477 3.945418270671728 0
1.3663377317620062 12.651572819419584 0
13.093594636505028 9.157542104737924 1
13.321869854821172 10.88064076300229 1
18.670071411171904 18.222242234757953 0
13.06986225658138 18.354052699856446 0
15.455436604446335 15.256256772577665 1
6.1168684962497615 2.826843640216208 0
7.340579631860972 16.595655864348167 1
6.646554203974362 6.843798049110735 1
7.946510647397909 4.612070334213005 1
13.672911583457143 6.292715144979697 1
12.297486631214642 3.848812282423204 1
15.924980583824695 0.12077150880610787 0
18.68638688992409 9.170967554269902 0
9.462909989530532 16.48571527718644 1
18.34228231355926 19.131173116251134 0
13.49394845896921 8.555197244768758 1
19.558585024015272 4.126432027369196 0
17.15790798050346 6.960951538123998 1
1.9617239828031696 2.1918652656102466 0
16.666827285639975 15.173146517518585 0
1.5128257707227122 6.319604810761046 0
5.434328732712612 11.528926828084384 1
13.792320737830048 12.51344969744398 1
18.909001497368983 6.146184460581551 0
11.313563271607464 0.34599864211805054 0
19.632474878044682 0.7974341542247076 0
9.053539892821465 12.714622955402252 1
19.09282196002267 14.615577306897068 0
12.67839058507577 4.277323690057981 1
17.65591036131069 0.702536113632779 0
16.279704780655347 1.3525843640330737 0
2.7553019992915773 8.980889792268298 1
7.3702288188310146 18.267159938203463 0
0.7107786266365501 18.170871858011942 0
6.9026356659841515 12.299082572576241 1
3.9386838964985893 16.003552058994636 0
15.373843061603974 11.221134449119457 1
13.950745666288267 8.501872113014562 1
17.273019703120738 12.265582847245312 1
9.238292258123334 13.888351702379948 1
10.576559100498656 10.331851941460142 1
12.421383830961378 13.503333855860198 1
18.49532203706482 17.72349717964929 0
17.564793220904413 9.50356358511556 1
4.169093229522501 15.036748089950088 1
0.41070052181462424 7.7106374499697505 0
2.4848010392941977 2.5974864527548602 0
13.844096263429213 19.40113796326844 0
4.886180170687484 0.44358848302720855 0
0.8933848095879893 1.0116933976396414 0
0.49629381061247146 8.797314126046999 0
12.176224780439453 10.379196466386158 1
9.595658032329716 14.762614823368843 1
5.186701561081868 3.898129555526013 1
1.4097061019237223 4.760639908826074 0
7.650167064152944 8.407071617877621 1
1.7893829812904527 9.297577076332402 0
17.59557692661686 19.77529539775651 0
13.630395935451885 11.49954152382408 1
5.344577688747661 11.529491406234992 1
13.921074971644911 16.161327219294755 1
12.585509855851173 15.076893873263717 1
3.1768069074733973 9.49026250585513 1
4.440843143332751 12.028286784751321 1
17.729895881124346 0.32920184981990896 0
18.181737754802825 13.61045821299647 0
18.65044439524052 11.876814086931498 0
3.0520520488223712 13.214307235069441 1
4.1968847990953755 7.934565155722888 1
11.121563511479506 16.110504372369633 1
0.3831330689615964 14.868551285270632 0
17.51727662655875 11.92885344233594 1
4.170358520168409 16.635882098607127 0
4.055549458667267 6.551791682992604 1
0.4918303618857678 0.06481238265596767 0
19.167619707668994 18.43516671069922 0
8.55584645312651 8.343260392775614 1
4.665221031525412 4.4001976021932006 1
17.792893528237272 1.3109919556214344 0
14.583012996240125 0.9699841662630959 0
3.6219823463296485 11.47437180387697 1
0.6401080816084992 1.2849015813490472 0
16.09493550304088 7.2485522519039485 1
15.453975169220387 11.959095018525833 1
12.947612162451357 15.486406637894689 1
2.523537946509169 2.846269636911669 0
6.807545219049251 6.808421914408429 1
19.939413139867323 15.642023345607734 0
0.5384083547015361 4.919368289040467 0
8.309565269782249 18.491624361444195 0
9.081990708573686 18.175080842911953 0
11.348523489377309 5.103793557229073 1
9.39505484742105 0.2724745819175167 0
10.744248614325402 17.32847930914199 1
0.26625121374751703 4.162362025052375 0
16.024714719927463 6.114744108170223 1
0.9630422772777547 5.0137393138555435 0
10.300662850194815 18.239985098869337 0
7.306236338443091 12.834973150554788 1
12.435170933552069 12.580868682754957 1
8.336951018011106 8.755242270150191 1
3.9191836478488895 17.452249016292598 0
12.332974401624623 19.356983720713476 0
3.892815839538659 13.683175247033786 1
4.851639542736392 8.097737136574619 1
16.963063117533178 3.1224661520217056 0
19.011081957570575 14.431547838234557 0
14.394671614362341 3.4824119283336907 1
15.009250587691538 10.41571854499817 1
5.745499504708538 18.324132871567848 0
9.838156594428327 5.5843177699439135 1
6.206707977759846 6.800807667583286 1
7.59590401414896 14.596906954785888 1
13.944157076952736 19.966224515235528 0
1.9748006219778436 0.025715378325910088 0
2.6935482662615806 14.14267676310324 0
16.170020835069742 17.711401416130027 0
19.115365657412 4.906533800878979 0
14.56443849474185 12.359066262189742 1
2.157177972078146 7.503854326807636 0
5.021644732081079 6.067827093550813 1
16.85590533945567 16.925095648340616 0
12.758463774689943 10.983060637365883 1
1.3821116059240857 9.684203037845332 0
6.288805578869128 14.110973561108008 1
7.987322939251811 8.908310820439516 1
3.6114353791064313 3.3491813822385463 0
19.917700665968376 9.725700250950107 0
16.786917161221993 15.346881727846764 0
14.920305551422457 16.168366118124304 1
8.679728375126391 18.36328299741573 0
2.1430409751816537 17.12692304322428 0
10.181647610279068 5.485572092326365 1
0.7466899052093323 8.374213022095677 0
2.059184904584328 4.743502494537877 0
4.729564054063733 2.5715709284197885 0
5.621473967922941 8.686955686105268 1
16.156743351111174 2.738214307824931 0
2.7753420723642463 8.66864439831367 1
4.912071006364915 5.137834264711212 1
6.250633738381701 17.682713095648417 0
7.172419745125329 2.0170030910870462 0
14.052259104614746 6.229418282928543 1
0.46747476960679046 14.644398566661053 0
17.574179085452336 1.1033242539104182 0
10.169677571275411 5.295392480674035 1
18.46959644015965 18.517946328388625 0
19.516029874670842 4.113351178030373 0
12.696852585831682 7.464802826906887 1
1.3783309565938007 4.791967135735897 0
13.530088791916437 4.266136972839625 1
3.1245082717210826 5.624100264053786 0
3.0581207981006386 11.326210815486736 1
2.731474730253116 1.6325636662912046 0
15.561471485933104 10.451243016796528 1
17.48843869225752 0.5366714412867113 0
9.05204336437379 1.1122546083696827 0
2.5951035470498707 2.532468168916593 0
11.49431203354913 16.82449819814059 1
9.669238127787077 15.79668232140622 1
18.776719608398267 5.2042721285944875 0
5.956751428122358 14.640761003463382 1
8.076137251605427 6.386054690494857 1
17.116886823658323 16.593523599882264 0
0.9967889066871161 5.462910081164736 0
0.20959899715805363 12.500530447705252 0
11.720079739697862 15.59401683827504 1
0.7686743831793552 6.50651400785597 0
8.126780527057436 15.643761965592502 1
8.152756366980773 7.883627618133373 1
0.5402371887614654 16.107934163232702 0
8.80187629174027 9.174822590334909 1
6.944553444871686 1.7033269992802391 0
19.57935796851394 13.426940950418151 0
7.360077011500246 19.74510674146508 0
10.945135908205092 17.190818254354795 1
13.184570749471566 1.6445303816242363 0
0.27476244841179165 19.408767684314316 0
6.309200483017118 11.365758027385908 1
6.351004418896831 16.23447049871119 1
5.661161810575286 5.486162727594593 1
7.829705651816477 7.224907625277797 1
7.781378136477266 9.859430828874764 1
8.617613253057574 15.713124349520251 1
0.440841601639419 18.987386368311473 0
11.55306405231691 0.7116338776800557 0
0.46316926545279635 0.5491982660007633 0
0.6528371391946797 5.088585461641246 0
8.331848475574118 8.187549898774497 1
17.933079885402005 3.1921814003947557 0
0.9248606301710205 4.157286532394606 0
17.66488111844354 16.907209223120717 0
14.647221646134387 18.9895619282036 0
8.746396514022203 10.641658094008815 1
4.8009338126003325 11.981818885017173 1
19.152469141957837 12.98674841552172 0
19.25552796716608 2.779109305104479 0
10.297338077824696 8.601154638690174 1
9.481275317282705 1.1689085175099234 0
11.142097555005321 4.074437683002574 1
15.585798799709751 3.655477483731322 0
2.737660192633735 17.69349491891414 0
18.53956919873989 7.66944077904874 0
6.901772323186394 7.333087093528632 1
7.822915651147715 2.975602056870019 1
11.351632352375065 3.2441040210886496 1
8.581013236229055 10.706860149956443 1
11.708881009151249 4.642169856179638 1
7.8250010965810795 8.503863960015593 1
19.140943964078087 19.57897965578587 0
17.342264061955607 3.2134546722926083 0
9.835322965711125 18.208348273348086 0
13.133923417653852 17.48738300399895 0
17.657961195533993 19.438015524069428 0
17.934673482132737 17.38847996034049 0
13.538942610792846 7.852341492840367 1
12.725365556566857 2.1593138251850275 0
8.375075800024147 1.0916875568435258 0
16.351055274118135 10.49376671873299 1
15.466919717796406 1.6461802797627256 0
6.072319495229445 18.350480450411034 0
3.6072529278310217 6.523264951438897 1
2.9238901289455543 4.912553243280639 0
13.469846073556031 12.50247916737788 1
1.1391082984264411 1.0346874997742583 0
15.489902105374632 19.390665320462137 0
13.587871811532912 6.110093431767272 1
5.83392279153002 11.006768908173413 1
8.12060749653682 1.6651237858714296 0
15.981894252728193 14.235430254283322 1
6.885137678513216 11.374078979206901 1
9.756606774488212 10.448918234409435 1
9.718054701544336 4.7063094853392045 1
1.309577852097965 10.157368580086409 0
18.518297196058278 2.3539383616147624 0
16.687854645805 5.983645989711615 1
11.326197324891655 11.94406110759451 1
1.647157298549824 5.949594033247387 0
9.933954990479457 10.830718472666309 1
18.66271582118643 6.75284060180688 0
3.162255299814183 3.6467653245463505 0
2.9399157513695284 8.181519509255395 1
8.949966617429578 9.54405454412257 1
19.453781245798496 2.1352606722962797 0
5.627547993682409 19.765832997890524 0
12.448259631134711 6.5613377200607985 1
17.417653806428806 17.211781566332498 0
13.180809649705736 6.657941587097314 1
7.5927918816273055 15.814043050875767 1
19.942971424821877 16.533297791614757 0
5.882965462682126 2.1596495113461422 0
15.377554495145489 15.02628602319976 1
8.607576725125568 10.823672146464258 1
5.393052529134348 3.0958821485021337 0
7.3330936278135495 0.2647622068025468 0
0.41990612205517586 11.30149651134516 0
12.200076760654554 5.230925287137458 1
15.285254020426919 19.3688233135302 0
8.080709314049466 3.0794694095279285 1
9.772417086530044 17.159535939895086 1
0.636674139403195 13.358590098647056 0
16.70278398039685 18.829302527675832 0
2.860817858255562 4.090026426729048 0
10.025336829380683 7.095295759206655 1
16.348409356231826 17.32886488535197 0
19.608939118716584 8.975256383082543 0
13.34232027319546 19.341802840030237 0
15.025203187157805 4.529669257288626 1
6.4113657647203155 11.778174537866821 1
15.245554612319891 4.934689378637311 1
10.497264088353875 8.337592259539468 1
17.259856718135737 16.36600135494258 0
16.780042282536964 17.496440729347654 0
17.50183497277225 2.9438815244043326 0
7.0375645831731575 5.470769472921573 1
17.9803380889211 11.654187594996628 0
7.243397695323946 12.715683076055583 1
2.036021661031715 5.627142860777791 0
5.568566315906047 3.2181569399993792 0
2.7615981969412107 18.36834875028302 0
2.235305258252478 19.256007283730497 0
2.6856575302870067 0.8680376483144525 0
8.624052560289545 17.43337853253881 1
17.957580704800364 13.252389951720831 0
0.8979542637723559 1.9120273244374797 0
17.476644450403718 9.187969073092841 1
13.79100129759075 10.598735039085774 1
15.988370163982655 14.133792577147888 1
16.834689346036043 0.9114970250797172 0
16.491744699255175 6.595309145727086 1
6.337911891537484 19.344533683483487 0
3.0354794638403715 10.936123502202344 1
4.550930231562216 15.250355104095025 1
15.290798284902479 18.293899842024082 0
19.523040802948362 1.062288819311008 0
12.07694095012749 17.263723010548176 1
5.122474168856499 4.755854313643278 1
6.649261236116137 14.217017174949147 1
16.121003752675243 5.167953135863204 1
8.534385852190361 3.9085833987925067 1
9.67338188506696 19.0407280683215 0
14.52400202537148 12.353503601913625 1
17.692585075322153 4.435781049322129 0
18.149992219068924 4.50163824234828 0
2.184165011077539 3.394909745649679 0
19.099241431736694 10.493865005739064 0
6.170704433898477 12.797366737437656 1
1.041827418076171 1.8594983532638598 0
14.986278203609565 19.541880076417296 0
11.938391885585343 16.281706236046777 1
17.447555233512407 0.5780602765702425 0
13.981781259484649 8.34105189300578 1
18.41176965060477 14.796056650904841 0
3.4755492819054545 16.282131575586295 0
13.609957208898255 11.706313412473985 1
11.554465304400614 1.143521908678582 0
7.136551548845549 14.546572431852729 1
5.424902152737781 5.07181213168942 1
8.824478370531326 3.7994055524532078 1
2.8899353140252138 14.224591139040681 0
10.83604022109637 2.351839263753297 1
19.130840388695493 13.842400953502166 0
19.876155057579233 2.0304438440970807 0
7.047340586766291 2.9055758471731763 1
4.8101845204964855 7.29260193325006 1
15.827054070074581 6.276014919907118 1
12.396601485930518 15.132574813668445 1
16.351640750703172 6.7998084117576525 1
19.407125000479784 12.89829794040915 0
6.2637952128301695 15.701417585579797 1
6.205047838517601 6.100249683729404 1
1.3899768685566771 3.5249701246585152 0
4.701771049015779 4.847636000791978 1
19.325708933068377 9.088194538165448 0
12.71633131827288 10.109887610302701 1
9.061815433416642 0.6335530574714232 0
5.154665396184155 7.107662735967839 1
15.954903427083778 5.927969317633677 1
8.158916812207133 12.436447506799354 1
3.284361636056423 13.02231030486708 1
4.003066207652641 1.0818170269185723 0
13.411245949062195 19.6506941295612 0
2.6031766934820566 5.201464594689655 0
11.051366870380665 1.4219866915206247 0
2.125474639953926 5.5165644412448245 0
16.543913487940824 9.119484452619929 1
3.1616410150074326 15.114170594820457 0
7.93154480140061 4.196157868019315 1
18.14486442245797 3.879803523356453 0
2.012262004362375 4.593745237873399 0
6.756457493946268 6.806941700735091 1
17.92009093207094 14.837392531501347 0
10.339293042361826 10.665172783690553 1
3.478243094698328 6.925814408394597 1
6.611937326678323 13.036952944712922 1
18.84470358183022 1.8420747086216305 0
6.745268298367981 0.25242468210919355 0
18.44181937847505 1.2954954965612342 0
8.60902676892881 4.312922038213538 1
13.443450553262009 3.214902226066374 1
0.4251169031339308 2.4099078287298714 0
14.90617736000537 4.699589400625566 1
7.787501121649449 16.019871393768767 1
15.265024734421262 6.780802432358442 1
8.512868331742649 16.07704782347932 1
11.641367699876534 13.490599989913473 1
12.293002607922435 1.134934112996353 0
3.6149625078818914 3.9653110268962455 0
13.8928175101615 7.785862024263226 1
1.077464954901135 13.208453322504667 0
8.722861407531228 2.0176723352491566 0
17.72847661092915 11.328067234848142 1
4.209685042772846 7.453411179039082 1
9.088066899228854 18.639626078537137 0
19.89633958565594 7.946531132150383 0
6.060856818732018 13.117965921962602 1
17.10960171435934 6.485911754588171 1
1.9939398098230487 8.121322728413707 0
18.480251640810145 13.362786205877367 0
18.506653912697786 19.87099976235161 0
17.677389168162957 15.940260936564908 0
8.179979569416659 16.686529368353884 1
11.925944274111892 12.044767334403401 1
5.726233874373914 18.582296424654466 0
17.43932550111265 6.322307106760141 0
11.521589905464891 2.989073328138272 1
6.438869967529978 5.902294217448909 1
7.161800836563539 8.784423287386868 1
8.954254904296718 6.0078363300478905 1
4.166182148668927 3.1213492483128746 0
3.178864832784547 7.942376082181227 1
16.685460852402166 4.933687715121804 0
11.072916782791044 6.5874852895162945 1
16.941423199494803 0.5888633623222006 0
11.8248060281862 0.7001973294121955 0
2.0975708506288893 6.348181935725197 0
11.657642389746044 13.881111187989976 1
13.4556194322505 7.352073478267793 1
17.842893724077904 10.094423011187759 1
13.82497666141558 16.03129049020582 1
9.118489518795123 6.810060670957203 1
12.573730976792339 13.750611840707878 1
10.94448313554481 2.0751028866959276 1
6.311279507099703 7.711320412685579 1
0.4369742952992839 18.274347759104693 0
12.38917850589548 12.731559429706136 1
8.53246356798577 14.806161144777075 1
15.744958268679078 9.137294902988353 1
18.512895916509425 1.720441116855418 0
15.583087667788018 18.11163937692867 0
10.419216151432613 16.668567074406223 1
9.094788564655268 18.3349527236178 0
4.893760084356343 18.827093150529286 0
7.009682301115041 6.6550779457610005 1
14.054500722210854 6.033833266897457 1
0.48417994755777016 1.899668411318396 0
5.237060472053643 6.960286419238049 1
15.19307125915798 5.152790829971552 1
8.702508474611735 9.114492646236984 1
8.10947785312395 9.970149974933884 1
15.401740321931147 5.33476335362042 1
14.276853665168403 9.873381310966982 1
12.308422500373199 5.280169678813882 1
0.13684833199943292 12.919290203900609 0
19.08740204252045 4.16434829080933 0
1.3607754501146285 0.7735617946901341 0
8.7762475956911 4.727377317095451 1
16.433224530058865 16.92349396595583 0
16.990614085613004 7.721731120811423 1
9.51087936608548 3.578924406081636 1
9.499764475074828 6.814786560004795 1
16.87518256902894 0.8031866662330267 0
13.049020741521876 9.068829429414357 1
2.3767854636575447 12.731907900565066 0
13.629889694011293 17.732873564539887 0
4.779489691136858 14.924362049430385 1
19.130196109855753 8.217426057507636 0
3.5428050671705535 4.580280207317841 0
9.711327295898379 1.7634492230600562 0
7.72695562169732 7.412122906179535 1
11.275660056723959 16.984389180841784 1
10.313436736145658 1.2374947036211759 0
0.5087130339695167 12.245596751161528 0
10.31565800172128 17.782539735002207 1
0.7893567758584696 10.344447679232712 0
14.718505465228125 2.789136269666086 0
3.1187055657736784 8.61241191868823 1
6.6733121740267904 3.7262451369313365 1
18.960114122792326 1.4897922491732118 0
1.6860634153501186 5.738908949468737 0
10.32013796496432 4.343414644841353 1
18.854850646248053 10.360975863675414 0
9.509232624053883 5.330373668321657 1
10.768757168998375 6.940051475499944 1
18.549920867894475 16.163664632483613 0
0.00013205145906303173 17.9395208024005 0
13.380923664597052 11.778832665715548 1
3.9921233807989642 2.749668271080259 0
18.52057409886415 16.366842666129656 0
14.840234098827938 19.96131403256019 0
11.224408068868158 0.5401236963021927 0
1.2261856231530643 0.26725535486714636 0
2.305145528920529 18.65981124554225 0
11.915173887739192 8.639200538815288 1
19.722046576312373 15.805284057196712 0
9.748581962110205 12.334725041823273 1
18.624597336223903 17.645226544067118 0
12.23815924395 9.14040861510004 1
4.767532339677083 2.311734979543474 0
11.86767402087369 9.267537745124276 1
18.797518803066453 3.890326054145601 0
7.365535006485818 13.584835000937506 1
14.56174146092633 12.018331966317069 1
6.409967872268658 6.032331465511637 1
10.344933054610353 7.286246220571099 1
7.347236893385696 17.784094649708425 0
1.4059223189345804 15.896072403249846 0
0.5260901149218777 7.1157554183409815 0
10.23937155182674 16.282365631726037 1
18.369376946713405 3.6279141273246274 0
6.7465775339911165 9.242162528228622 1
1.9354250440940302 1.5312452307589486 0
4.686198948660936 12.262769415648094 1
7.935206218674066 9.013519074488007 1
15.818404472302593 13.646622569591907 1
14.330295482362061 1.475432528737577 0
10.741514360785395 14.089857710123754 1
12.421104984425247 11.703965418093691 1
2.113051367720038 7.124379714186906 0
2.3449582687821358 14.067699485681924 0
5.806157511742446 16.887030940381692 0
18.073061559907263 13.01408224173253 0
13.994134891096405 11.092310750694656 1
2.420741401795181 10.803543278982357 1
13.579953965620401 17.642608142022684 0
1.4632379330366008 17.96594988689607 0
7.078403871886103 0.8531694642097998 0
7.6295400486040315 19.180639474225444 0
8.297138276698718 11.713919307787585 1
17.371964402556074 3.8428740095886904 0
6.3972076107932345 9.990103537104796 1
9.75269076812225 17.268167970299565 1
8.790214615017076 2.7562408156265183 1
16.98252736711147 12.091497839733588 1
1.4243758387922378 9.5195965072047 0
0.9599333660177534 15.191969455007001 0
11.95637500804137 0.31032569355661455 0
14.88647519615063 8.354601053964661 1
18.970538553838686 19.653690860682406 0
4.652903241401949 0.09221795825597123 0
18.977562691845968 3.1593875443766706 0
2.7984197145964362 3.425604621232057 0
12.666470808512901 2.2151078890974296 0
1.9824604070492313 18.667984467841492 0
8.49715930961031 6.53125241393711 1
12.339196861182275 11.347028462600422 1
16.23674010828045 10.770016056463852 1
2.8361301361787294 11.01122482919521 1
14.931768683613333 5.867880699175672 1
14.241267838285747 15.16133465552267 1
13.552942616064295 17.243610036523265 0
13.037329479293644 8.210509637479909 1
14.42384380781455 5.180314715836641 1
19.511331917959268 10.908123077612695 0
5.870973185213071 19.926616054216232 0
8.017614760890455 16.817381842145657 1
2.996918096785186 5.843514947598867 0
14.2939155549681 3.813527236385408 1
9.996287902731568 12.520877716887956 1
9.287280968761243 14.111931536154279 1
6.923385307875369 5.890767035262963 1
13.14751776295012 5.1924215884812375 1
3.0653114157439765 4.873874166454646 0
5.530901201044916 17.78302353488386 0
0.8815456775961694 13.442789262304856 0
8.729491090652918 5.810990422233894 1
15.348099037498608 13.118150210245608 1
6.849294685536118 0.6427259942439822 0
15.856152319413388 17.84346318744871 0
9.651870318102295 5.839376248815933 1
6.826134643896175 8.342292254682231 1
7.613445344814911 1.1708791499803173 0
11.020084245618207 14.80616808986815 1
8.225447647887208 18.354312470920433 0
1.7777472851839793 7.338395179369071 0
10.939310131287003 10.371066915915605 1
0.5753243473437109 18.587600628371174 0
14.24557333080694 13.561654693096175 1
6.580728842674466 13.468284429922342 1
10.571607793799222 13.569471992111815 1
1.96475416271793 0.8724727769479235 0
0.3804319750557106 12.028951577122914 0
17.183974651183785 5.378661867848884 0
13.99748869302909 3.6714555971611484 1
16.139477018825698 0.14515138761198365 0
10.410163454476464 2.1849639422772027 1
8.112265549503576 9.990128293090358 1
13.663720110639822 8.299804249718107 1
11.446639561051143 7.3121077986265215 1
13.34012738020027 8.586293760884471 1
4.0840541002459085 4.3412391164603825 0
11.819155185345371 8.392457249769977 1
11.559757094712724 5.626564219867236 1
3.5415100100459385 0.9371665341469981 0
11.451862226263149 9.678886471037814 1
3.415174698046668 1.5448263704764198 0
12.690811428199451 18.338067177577337 0
1.9483560683125 19.558860331817225 0
12.247740739036029 13.098205677413846 1
10.320929803293213 4.357625641840817 1
12.09084602690571 15.254300098558712 1
13.235316918652284 10.236583411084384 1
13.83981648755439 11.96969931469905 1
3.599459451093594 4.773896824636543 0
9.395737525087798 17.894445724173643 1
2.7051156382958563 12.771732969193327 1
4.892227532231637 9.64473956084266 1
11.134508685849536 13.167465424768398 1
6.949509159248057 0.7848492361903103 0
4.537045919165886 3.363122057013217 0
2.230675062239793 1.6776335017765276 0
3.0669046048748116 9.623793258963605 1
6.876571115895982 0.27759505622535485 0
7.8474525368781105 1.0561115518609143 0
7.6487024936681625 11.079356711006664 1
11.948898066557428 17.297082571176826 1
14.860713223444161 15.859520270247252 1
6.07007070073551 8.689650291974866 1
3.752262427292392 1.792681791210029 0
3.1512525394342927 14.000561892221256 1
9.610337284625462 9.035025308054056 1
16.737373768339275 18.89599542324269 0
19.688112442756626 1.6834654812204208 0
6.620521592468922 17.621936184104875 0
10.887114534924882 17.27139721816622 1
11.43811523664585 3.4955453958385085 1
7.9923580006350425 9.600084122031872 1
12.725611366174075 8.983101978019379 1
13.120556231098682 19.772389764867764 0
16.25670556424351 18.258727111252586 0
11.696873651881035 7.600587178176863 1
0.9946724506571636 3.5494463329002968 0
9.457288767296237 4.356541422042454 1
3.4027743975397318 9.342604165981962 1
8.506421468944307 6.55075464102435 1
17.44684364730568 8.553091651773148 1
2.9917385392073137 15.717865278956074 0
17.00628484012626 19.39125114149348 0
15.660748382160715 4.425120094401556 1
7.242802184479993 14.959559999844616 1
9.834722584367995 18.369158068671545 0
16.645885519038075 12.483022304492113 1
2.6987081064417917 0.8542039280784719 0
19.649586850727488 0.8499439061400893 0
15.094352240326431 11.647656939935455 1
3.1888069814085895 5.001315386677669 0
18.036207591787637 8.171528656970615 0
6.395038171837559 2.279889404550106 0
18.694669964118372 19.651600224790688 0
13.066108636845058 17.63135200324394 0
8.407237167159266 2.334848641738543 1
13.240519208518602 1.0102910340467264 0
3.680673060724089 13.751423130829252 1
8.665110991885506 5.583470851341692 1
6.529721894617106 9.490723758673958 1
10.923598073112728 8.656235791568436 1
19.696311896891018 7.790690307700546 0
2.3122804246580797 9.331725112189396 1
14.430371463032161 3.890800721695966 1
12.791815465063168 10.135301852451288 1
14.88352050684698 15.53565131931131 1
11.97510520411399 1.924943893639095 0
9.67504585695128 3.9040696462909863 1
17.204742900342694 10.737250051843375 1
10.157634271281209 14.024378159191118 1
15.351154172707705 15.100194711043022 1
0.6606619057192309 14.657114481662198 0
7.765685476520396 6.143977988692006 1
2.38760085240995 12.52980830908678 0
14.40349408581695 14.160514571861185 1
7.000503747179623 12.258151132888855 1
5.056450531186596 4.413509175762131 1
6.449685598592845 9.105044191075283 1
8.159078429388263 1.9159626015901887 0
10.867478893461675 12.40068266224559 1
15.107636723448447 3.13987836755222 0
1.5428741639567534 15.340392723156972 0
14.118940874123517 1.887082253314618 0
8.377903509159271 19.65412376449007 0
8.497793223580498 10.246728843313836 1
19.0244862232842 16.195947342770577 0
2.4365031834833006 4.698564917352153 0
12.137765761176418 15.88743611837945 1
10.438089848351675 15.21967582014823 1
16.42400938518413 12.703952712519541 1
15.615584098132212 4.680505413759732 1
19.079040434195644 9.867930544139057 0
7.944225277959232 4.955221051710279 1
18.912076623832416 19.112674504514025 0
12.41845297131844 2.8631216215672373 1
17.128694424465664 9.882864664526672 1
5.812185748146286 9.247158031322787 1
17.29747917562312 8.638340240257175 1
12.811330591000228 11.657959409101807 1
3.1139624147268474 2.7360382663931415 0
11.301077900944072 13.799217461413914 1
7.251683954089532 17.70504040770813 0
10.451379138203139 1.8602105214561404 0
2.355333214906501 17.063006418255128 0
5.779075705317527 18.580919935949936 0
0.952076941533393 11.328821899649578 0
10.419486474419177 8.375610365374381 1
17.252993050465385 10.660342513435467 1
19.055950189053902 15.349511275848238 0
19.601316315484322 6.672413925354119 0
14.185809432737035 0.9154579269136964 0
4.8090240181749415 13.55330538794263 1
8.548135719069785 17.141218835831516 1
17.296991406737753 2.928614443972053 0
0.5045175255478229 7.631311302317392 0
9.863704615402714 3.150993395281878 1
6.383908643854079 18.29695743498719 0
13.819811234271501 12.310457222947315 1
19.975983842267166 0.18760239414241653 0
4.917041057241778 11.209822015801194 1
9.089383948826805 3.9146296894695 1
9.048201856757023 6.130874612581407 1
8.59655882832461 1.8222153360102955 0
5.732393798802526 3.0177272161822244 0
15.540501495595986 3.9913996879797997 0
9.874484726915034 2.591120620424563 1
1.8192294928673514 3.1477045261052083 0
16.048103242502847 4.00975344022368 0
10.969993165153507 13.399396502846312 1
9.06992023368691 7.274425329975314 1
6.6937862797204435 14.513049050626607 1
19.770521816325054 4.3127297085872645 0
2.6498495977912273 17.79435698723132 0
0.5014841510637069 15.411168226295604 0
14.918894015339724 16.523309089978735 0
1.7077149715590445 11.944853955763065 0
17.32515391313041 9.049392413096221 1
12.686327652072244 12.52055647114653 1
7.38122250146827 16.77297910215688 1
8.100052495642867 5.714047608196616 1
11.85533388098987 7.162734300395657 1
3.2477348486724678 10.525376731834182 1
19.861436793038155 12.709430749857242 0
9.155954001088048 11.039015037648756 1
0.014087414113277408 11.825351618390457 0
2.0616370689511765 5.772801620049384 0
9.817814564347733 3.5444098723174555 1
8.11723213806075 18.443316073947443 0
0.8523730180234734 9.042834749580477 0
4.16365620178103 4.830531954541517 1
13.822747157660892 5.27985686790495 1
13.233475273191877 13.13564959172307 1
12.677489662331658 11.273010017276736 1
8.985026793860925 17.748825795922397 1
11.036426865580925 2.1793642487399545 1
1.4074190751712967 14.543017482412017 0
16.98535575086543 9.920262191382971 1
19.581296534588425 11.136970801065045 0
8.09453823639446 19.6774721374328 0
12.755547005616332 6.509325005649309 1
7.473191769763005 8.256641176289065 1
19.952960262600392 15.678619890526512 0
12.338798062628067 0.05520962527500339 0
13.37106779133736 11.033725715844795 1
0.32230930699177485 18.067399483452398 0
13.044466704334534 17.979712682765477 0
6.388512796672774 8.712725966568842 1
12.405086621696347 11.749969927151302 1
15.591193054883403 7.26337283989033 1
14.474095858977385 0.5969866275671909 0
3.6031795549932144 14.234103420368946 1
11.973209252865754 6.906102307063935 1
17.899076066997313 2.9499216686937935 0
17.461766787343755 2.513064409072434 0
9.768265495388507 13.728864217089757 1
14.969884626870442 4.246880169727961 1
0.43286826532191736 2.8471346449757906 0
12.951120599825138 1.3077216477710207 0
5.791038845447593 6.751139623645026 1
7.5805569281767005 3.372411943410256 1
5.985506478309642 12.297609677109296 1
11.788019184164645 3.393523581757143 1
12.649104533914334 17.98344154170209 0
14.19456101421323 18.71587020341673 0
4.650504614248138 18.944288247543422 0
18.394596613891547 17.158924434550855 0
11.025992015098474 2.355167632080468 1
9.616261872944495 16.100769659771338 1
15.634598076488128 18.649449498291087 0
9.052490943822711 12.084127383001881 1
5.717630280125046 8.658979997458973 1
9.939428893145134 19.862738783384316 0
4.950396632874101 5.087278409243403 1
11.421128328129502 8.60941162074911 1
2.3648967948019806 1.7501276031973378 0
19.99202250010947 8.82665285390361 0
8.073754163738789 16.729161208596302 1
1.8151738199175527 4.9469538752905855 0
7.3037538043988075 13.866503877627252 1
7.082491784724663 2.3186378047326595 0
17.159415871627928 19.107551284582314 0
3.681199610447128 3.9896144745951356 0
5.967016228818949 16.092255080492286 1
2.101681630901886 14.756435621619978 0
6.110108682149442 2.1453472335349355 0
1.9269656801846269 10.744045499235435 0
13.840376346265513 4.914840213498152 1
18.5130474801449 8.928857492946454 0
6.332493539449531 3.4569687421181206 1
3.06722320074587 0.764298980305016 0
7.89466220238565 15.354277304820151 1
4.704958624830857 19.91146809997501 0
9.21582348266573 2.069506856307153 1
16.964991673136108 9.258485664406837 1
7.21844527899786 7.092856112999559 1
7.3759670694849255 16.913974214554678 1
18.767090471115075 17.75848360338541 0
2.5914194546004277 7.0173549556617765 1
10.311608858871775 6.467021114566444 1
12.114988359536273 18.683331465132586 0
10.112282438289213 9.232711299641661 1
4.008589983667088 3.143148452538882 0
19.054384395563698 9.915724953690095 0
19.86971201795431 1.1134350782704083 0
14.520905564855791 10.514181104690705 1
15.806541881471079 16.671299413758156 0
17.214126405918602 4.070636667056913 0
7.0597864327636355 14.701086359798305 1
3.491666874443171 14.999280169550033 0
3.1072552169071654 19.969902168113972 0
16.561575559591798 17.51265358780121 0
19.062239592728584 10.477819625768491 0
16.329253285583636 9.34578289858961 1
0.5951108849316467 1.3341536127229814 0
0.9506600824614808 2.150478568920693 0
2.1185291497683623 19.77857286360013 0
15.855295812202975 15.855833109777981 0
18.394573051488972 8.743018504378334 0
13.850658467173014 3.0178851096188675 1
10.3810869575269 2.0293500674970977 1
9.728153794789138 10.952259448136015 1
3.81315961777277 6.649844702559533 1
0.2775520029938905 1.3652686053613983 0
7.832914995849965 17.278996173933667 1
3.997772760743654 1.4627043906012793 0
10.395620992005643 15.508235123610262 1
13.205119463579729 9.403183729240114 1
1.7747724412910748 18.123490506474646 0
2.89601635819009 13.491845269754151 1
9.92003826792805 9.525813343278704 1
10.220619582396484 9.831231238627257 1
9.138110268649877 9.13380144980601 1
1.9071386234822318 18.64992686062628 0
19.1761222061406 11.22683103181232 0
16.9623998405051 12.68513792444356 1
8.707570620384173 18.12227970657485 0
0.5784260408057706 5.19608155099641 0
11.901410227945824 16.96395559871853 1
5.382822282177136 17.008630517682533 0
12.840403845130703 16.83300230197918 1
10.81388573380304 4.030925033510049 1
14.122532296362536 1.2684756565853617 0
13.816091857099922 10.569500910950405 1
12.940240591639064 4.5453795270890085 1
15.978864756601727 1.6408577420771797 0
6.717504860749582 5.337628356081458 1
1.1379983630830814 14.728781382109766 0
16.293632326021143 2.292836501297675 0
8.667757855844043 10.534873080749222 1
5.69597867473578 1.9618482797607961 0
2.115042231133477 10.860882882388497 1
8.27696499098999 17.068130563698606 1
14.951084683473129 0.6855339359663848 0
18.943903733785646 0.4112758863973709 0
9.24881947948759 13.26871575051575 1
19.760808037416254 16.74053682893004 0
12.767859225737656 11.522486167993463 1
9.047626882240934 15.268840341288021 1
6.0822465024626045 8.534909729195242 1
0.8331868204118797 11.273392477702725 0
5.245618089741626 19.27650845489143 0
10.299701009978111 2.1048675795443827 1
13.33530679940891 10.804909881599745 1
15.620554134759391 6.7108451736444135 1
3.312059012006978 10.841691387533537 1
12.630652397089573 9.587207964198859 1
11.573986202325008 17.03174576327508 1
19.311750177347918 18.570479508874833 0
11.455649749432375 18.286179818737686 0
16.09152582671246 11.17263832497227 1
15.140617484860368 19.3664328682008 0
16.11795650530952 0.772612014513705 0
16.671200487684818 17.29433958037569 0
13.366297605166373 8.539802125218214 1
14.252605268907825 5.848219170788309 1
13.288179776555115 17.252985780217063 1
8.660977648055137 4.818902243153776 1
12.047529885806945 3.7960757032821135 1
8.972483118200895 17.67752938305652 1
19.838754912055517 18.738737443223997 0
7.195698149504124 0.34511909829679555 0
19.70699844571129 16.37786618228066 0
14.820225299836709 16.699475688676177 0
5.577199052930619 6.469502247880001 1
10.92824098249913 10.964022218551584 1
2.216451463174147 19.312280186852313 0
16.43673175549963 17.639658610059513 0
10.213441916155357 3.144608879828563 1
0.6130552313783455 4.8386314649212885 0
12.79787941273141 15.362473732237964 1
