14.948423658158308 2.7516803412147706 0
2.7686221587892335 11.498561166268255 0
6.97954245458662 12.631124452654845 1
15.299744379325233 4.318337418406058 0
10.282887104855355 15.821120852501325 1
2.5590172735684624 3.6621845253086494 0
9.53925003448429 4.306056475742852 1
5.268490825424312 6.600638595688291 1
7.964137368130128 6.136123044750881 1
14.515114648888119 8.029861281616007 1
0.8299306699451336 10.680521693620651 0
7.043287661255285 2.3148314798035474 0
15.785030488027537 0.903138527347771 0
14.083709248661538 5.777047195194358 1
19.66782138666934 3.1857338155170267 0
18.27790420526258 12.25223520140231 0
5.3923528625447 16.181360962949046 0
1.1202045197400579 2.1473761436453698 0
19.96457716807716 9.772413243215926 0
9.678933805103318 11.380876263241097 1
4.578214135334095 3.111271960497728 0
6.501639664006705 6.264052999853867 1
16.3185705244737 11.89910084284043 0
16.42592191540145 2.544972885592305 0
13.973348261400467 5.151163258544756 0
17.547683787893746 13.12933743889004 0
14.261376958160387 3.844351663556167 0
7.40858648108802 8.204353309758634 1
18.490193503940283 14.970285257889548 0
16.442207850372313 15.682386111606853 0
19.401407751544436 16.443209897119853 0
7.828004764769469 2.380281646530449 0
2.389387136098653 10.08030867392877 0
5.4349226182666355 17.932253396346795 0
17.359637744928193 18.300218911986978 0
18.797967922784323 1.6008536237593884 0
8.698529409065316 10.373906743626565 1
1.7631346473972909 3.4823642411532263 0
5.393362154462935 5.630575463279197 0
19.31668126510515 13.140449377804122 0
6.113318419080316 13.457128574390183 1
4.103383682130637 4.6961353878694485 0
4.220213075963397 12.017705790036723 0
15.249163079661184 16.90010988881629 0
13.73009567077991 18.461752855142255 0
5.586544028713951 7.3320619292643485 1
10.238625761237582 14.640764431595949 1
0.8636061559393515 0.5340115778627208 0
2.3169117885897372 11.241280491820309 0
6.023424749785953 3.9053198852166116 0
9.039322226452152 2.0860968730329765 0
13.42161071260806 1.5602112656284173 0
8.210565492887287 9.178950455259244 1
13.898179163842599 6.929841105070935 1
16.094071315387033 18.05905072343973 0
14.242101770331093 16.34875807278856 0
2.1021800122316114 0.5642612802995828 0
13.260113240633336 5.594117348322856 1
13.683963374091896 4.478271105890688 0
15.156748617896703 14.551877643270032 0
9.017904641136598 11.967368022545433 1
3.780082578766921 9.283534319241323 0
1.057245926004855 9.005383882421487 0
14.112933728763203 9.260063815741699 1
4.057200289028577 18.807224113179394 0
13.389514769991084 0.5156717082214013 0
10.824680966649769 4.718979813808057 1
5.274268409827401 18.67808681311821 0
15.019451275445606 17.384713021457753 0
2.060794039575171 6.129081409967649 0
11.089412310905347 18.740228794227065 0
0.8303080448657663 6.228277289339015 0
8.320453922076695 11.620738556096327 1
3.9560893656632135 2.958445019141478 0
19.020359564431637 4.120587711624317 0
17.931632846307334 4.853191065995923 0
16.103624803357846 17.300757615508523 0
4.075696484541204 4.593825049786579 0
16.826173707739176 17.491443829747666 0
7.557549265874912 17.84398372621741 0
8.095331943870306 5.892500134108869 1
14.267756972812291 7.2787850186818925 1
1.295521979827896 0.270391403486836 0
6.2517253224120655 16.665525533912305 0
11.709418684409698 13.796801311640936 1
4.181349121778086 4.85566202518762 0
11.62013136821971 16.166093017325878 0
0.3495550171490325 11.981295288362194 0
14.338673027691911 0.33950703335838384 0
12.471114739177594 6.86045096175238 1
12.964576924444106 10.862775308043549 1
16.13650308591027 1.4293701343109433 0
16.664698845651927 8.316853751291424 0
19.667191609383817 4.082893954261067 0
3.5316079475048023 0.26543492720555895 0
4.547438336745866 17.681244439715517 0
11.028074604976368 16.88357345882092 0
7.630876928183065 7.397838811296031 1
5.064833361693532 1.2753077591765782 0
19.281406661772902 4.459186840726101 0
14.133650388918335 5.294818495393059 0
12.891520050899377 12.569532864200589 1
16.855232206456975 7.108764528132507 0
1.9104855953697597 4.200828730651073 0
16.282339491412564 9.918986246457532 0
14.438007878870051 4.820097428048385 0
7.967692005395288 18.80465388444708 0
12.1287646649955 5.961993202850642 1
13.87378055487252 7.157520666913282 1
15.76147100737134 7.066820977034043 0
16.90527888385887 15.592757022039187 0
9.973959015915248 4.858950207295852 1
13.462070288888064 18.46381015852235 0
16.204988384224414 10.081795265851898 0
0.8989440827393635 9.737941515983689 0
1.91450665570557 19.201830176203757 0
5.696922266420616 6.708440407076637 1
18.96091744977069 11.5992787891777 0
2.50824124556446 17.919009492307715 0
14.315942100426176 10.29865323473545 1
11.751607973427733 2.5803363977176685 0
0.5862959310538884 15.297233089666612 0
15.036149195803315 17.40761876674599 0
14.279429926151856 9.444457387135063 1
3.339194712915885 6.496504211463057 0
3.7386092403370896 9.57850173992361 0
7.397851297982376 10.501712768332855 1
15.91266717488724 19.82793229395184 0
2.1759332161627154 6.911049042554636 0
14.70467340494453 1.364157290385335 0
5.389304624005624 1.0267197396416972 0
19.7613149126671 10.254088424352082 0
14.760610066561565 12.169531456710418 1
14.458843043067262 12.174733816480856 1
11.969505032996286 11.48746127146641 1
13.163204407149383 6.229288284525167 1
0.9184234007172254 9.49589930587899 0
6.867924919563362 3.15967793251573 0
17.613680334241867 6.076674540947245 0
5.53123284827427 14.484459232422802 0
15.479038026447402 19.66381750660534 0
7.895563903578391 9.03868131597363 1
11.434742346804631 2.786976616904613 0
4.837007512140962 0.5907699148801027 0
17.001029627822536 0.7491051957533035 0
6.256442287841182 1.5237959867071882 0
17.90466397131933 4.583051741651283 0
12.821709131068639 15.874654263339389 0
19.317761033531674 4.020011605969154 0
17.67618533164835 6.470067568133535 0
4.746092955503838 17.039515930625864 0
1.2930447587370297 2.5198390492438016 0
9.125348116586105 11.814464974892477 1
1.3755340087512469 5.926350945906735 0
5.43236621855097 14.902907906491262 0
19.45335452031141 15.68504668322378 0
11.219920240677368 5.896068969604647 1
12.326336945663492 9.857433252312868 1
14.850528035667006 4.525695144699695 0
12.651068526497655 9.903785258218479 1
13.940033281269827 15.061916358579383 0
9.481914175966256 2.789451481722709 0
5.400132073360524 10.49983969617556 1
0.73784499013124 4.112201612346573 0
11.946601444858677 10.717607946033292 1
9.18346900852863 16.60723538456491 0
3.9525978544582063 17.419191744063774 0
16.015886777379116 14.180580073627787 0
2.243457133092537 10.798482914758944 0
1.7614554336729515 14.547192429125868 0
0.44981448147353387 18.969502445926494 0
15.396221162448809 18.965225772973707 0
19.88102742349396 15.90793867781018 0
11.83789232665454 5.82658942681573 1
16.01651273869461 7.617882261202276 0
19.98226406329519 14.79633369584757 0
17.23790422072938 2.5086559041599066 0
14.843174871152645 15.837153959291834 0
14.795068781136694 17.32888356088119 0
16.94562053725712 19.18234404984539 0
2.2373649180945043 5.231970619932261 0
9.052694949242397 15.800510905594262 1
1.6861376759424496 5.357118188301769 0
6.408318510657052 1.5357566322052296 0
17.085221215275784 16.237024683242744 0
16.357096941414973 1.585804272122251 0
2.467499590815294 16.77850249490912 0
13.06792620040132 16.06785478124085 0
7.816500632711096 0.800538058276612 0
12.37818053331175 2.6207511345827306 0
0.8298484162515574 6.24412888077535 0
9.696937322921249 18.0146964314387 0
2.56053981308624 5.140042494229926 0
4.083272939451437 11.586806918787806 0
16.74512154998604 10.590039461033738 0
11.83881369802945 14.665695331660258 1
8.05640074741346 12.194515677216957 1
4.369466465001475 0.4808032562248177 0
7.65059263997906 2.1856628570798886 0
9.656638996636735 16.332965651661976 0
5.744758166701807 3.915921634756354 0
13.392371197729684 4.276967212925841 0
18.224492402358113 12.962900024225213 0
15.865739678741628 15.621555180031493 0
4.195484664301921 6.4042812371034685 0
7.030429331836922 18.60129384672751 0
16.587721873622993 19.081805224044686 0
16.355074738652334 5.228228564902889 0
10.122680155757156 17.33157306365802 0
12.035769438662703 3.2637493677746354 0
18.937352537851424 6.850832053898907 0
12.1167622060102 15.274548178440334 1
13.78253366955776 6.502142244090532 1
7.135416309375957 18.560605341245914 0
0.014144946532899105 10.945323999524248 0
1.1814524809067906 9.886369234438384 0
17.442498096810585 6.896315120385514 0
3.6114789437963957 5.317358402537209 0
2.8223598827812024 11.494310981004181 0
11.848409478334762 0.5685981588664402 0
10.956979746559954 2.685456353527338 0
12.440887870079418 8.40076794199754 1
9.10501771804347 9.92691932525708 1
4.7626720240412475 0.6108155426073814 0
8.246306313782338 13.391900595942676 1
19.39549209728089 9.979581103546176 0
8.87577155391224 15.805540104280364 1
6.039841802944357 0.40580785736309855 0
18.68387057948331 17.110209787382487 0
11.618783979954202 15.624316232104999 1
3.60075631260236 16.056407498085235 0
4.632791450397196 18.949210197824385 0
10.516599685866282 12.686416780322853 1
13.44761896874008 5.940053874715369 1
15.629247585274078 16.434632459644135 0
2.6469557986441283 12.624865831511523 0
7.246902688761168 10.86642537524017 1
5.823797535830484 4.590822031974402 0
5.657942095330794 3.065479155905586 0
12.397122293403546 17.63306740302189 0
3.8938035720494835 15.35728272872188 0
6.979449807425448 14.394856609885352 1
12.7619475265651 8.381353029673196 1
9.935054664720678 5.959708948733075 1
13.648709207252336 6.871384666134597 1
1.8483688624091532 5.948767292490804 0
13.075852959375219 9.929665760491845 1
18.527657832555317 8.132665407312686 0
5.804585657958854 16.231066533910475 0
3.6312613216874334 0.524024150947553 0
13.356022771107343 15.969478021466532 0
14.217279518555719 10.470842127974919 1
11.279146204679314 2.6061788903394856 0
11.619155507987395 17.994077674377984 0
2.413555523863793 12.079245388882311 0
17.08196171053388 14.27712030468747 0
5.051450833937938 18.368061483105656 0
10.163812842673508 2.046787743551106 0
6.541722227553413 1.0802894770920002 0
17.000152501695986 6.68813021246232 0
10.014892598989176 17.777374080721476 0
18.46466490596465 12.215341352824753 0
7.473550026114609 18.768062466040664 0
8.734864783393304 18.61911392032276 0
6.766220727946881 5.321595308636504 1
15.656376046054305 10.83039322446491 1
0.5791831376243017 8.439621799021504 0
1.3790061271480436 16.339129256274024 0
7.7078370263917755 6.917267662006886 1
14.257372291085709 7.983050358986279 1
16.690620676149518 8.67627766397132 0
9.097585727387713 15.739774456847675 1
7.500823725318551 9.02400467917458 1
5.713811350880922 10.201166356523037 1
5.548266460566412 0.3373867614591397 0
1.7623703087770215 3.1078737106094545 0
17.8589182408432 10.974123748828372 0
6.32510989840557 18.19746077033723 0
2.1818833941237203 19.379446555536603 0
17.055437423468337 17.322674453794402 0
13.297425867477726 19.696843243063245 0
4.51436200661062 16.99576670415007 0
16.025126533338856 15.477585587464729 0
17.712870473756702 12.21714383820885 0
7.016402138897034 1.133564332819339 0
19.144125202243153 8.822618646445754 0
4.170365424241473 14.565330038812238 0
15.72417745921501 0.27543168871188906 0
11.837868303483605 14.041225423630706 1
12.20019470859108 14.826603231444546 1
15.904127540901564 15.437428769776975 0
1.8076942878584168 7.6539868299630225 0
4.191586026859979 13.438359933683126 0
7.428853585389978 0.1820528614630601 0
17.475615718248424 11.907275274589303 0
9.666440413711673 19.942747136798083 0
3.3953964556970218 0.7635910851836458 0
0.19791643006729975 1.5031444406497285 0
14.04667676013183 19.21899204912598 0
3.7485514282824473 1.7742481650452913 0
11.2673208739359 15.911437305856985 0
17.184581779814454 18.322407701805364 0
18.92104391384496 13.357778931162855 0
4.0420922872018705 11.399090011232587 0
6.057888390768595 13.660081511606617 1
2.1618085140782184 2.8035043400269677 0
19.946302070868004 5.53968519732382 0
16.506404123940076 14.099753387293475 0
9.254222993171961 4.502684702580712 1
19.740062470557284 17.424693319639843 0
2.540489156088066 9.081912023927515 0
3.407351884948726 10.055354408562888 0
15.058555671376423 9.835675394150492 1
10.304894145386667 4.302452999137967 1
19.20080020275226 6.278299989655465 0
11.063749754326484 16.674856666170378 0
2.0774428641555054 9.158089303111582 0
15.590110047197264 15.682895116684856 0
7.4782691291144365 10.3052557345633 1
7.726353510047148 17.57904336348566 0
13.617445613547162 6.642448620604737 1
8.045885026283992 1.0389675925768094 0
6.379643477345476 2.752750158197841 0
17.821750549237986 15.257918710382192 0
10.872704397239005 11.559106451323286 1
1.1899132685767344 9.672404475764466 0
1.6031366610624653 3.734698362235247 0
18.09928760242849 12.156071924260738 0
0.8157687948996184 19.33691635340605 0
19.010238451619422 6.092939485058304 0
14.076129451696362 16.606601883076905 0
19.25214405144659 17.917136161281384 0
11.934680114714888 3.4262421769789575 0
17.45697886316927 7.570209054831198 0
9.264176412459719 5.9853361643828284 1
18.959130884300865 10.347709044247168 0
17.41111417804319 16.834465029944617 0
5.400479302183355 0.2772662368932255 0
9.516660998494837 2.481254639445092 0
0.398128255720247 1.4266555687392457 0
13.374217666472816 15.96117551342261 0
4.028957601957304 16.149111143114986 0
5.966816562351303 0.8971840856571145 0
3.642985638039422 17.676208556878244 0
3.725154454486266 3.3544901109178316 0
6.6976042533198665 6.502277505263607 1
13.155530577128015 14.422499330404513 1
5.989955909284809 16.15049335762177 0
13.03409032622972 9.762666101405426 1
12.960482228296692 1.4727031100726373 0
15.856586650348394 2.4705698949305055 0
17.60219753404662 17.524822182098976 0
3.5896032891017726 2.0954604023569567 0
4.61566947487796 12.498745547434062 1
10.774489553436027 6.044647808002807 1
10.184268376787664 19.497904306766443 0
4.919678689854399 19.855322892075026 0
18.59506823934105 11.118838335158618 0
4.459001899167998 12.658969418092545 0
6.182742616863668 4.912906788013216 0
17.920427942425288 8.32135183824298 0
8.226232517964167 10.608318106430051 1
18.743832196898033 6.383246787249124 0
12.10039843597719 10.853515674561184 1
18.068964290059455 13.93769429294758 0
3.1526331482307235 3.006478170985216 0
5.690719871677484 5.828986886514091 1
13.755279037179468 13.127148332784957 1
15.473065076410697 19.822414318166132 0
9.603746204160304 11.944604612707185 1
18.305414363258915 11.59107883562664 0
4.82828913148432 18.90997004188574 0
4.803655599621585 9.81478609414298 1
7.5898409790462695 7.01215561874174 1
1.4327851629720767 10.949633645723484 0
10.055505455990058 8.959634563020362 1
5.4199634155546095 7.914894243125574 1
4.529830751698118 2.606840114860427 0
5.5178119083988175 14.541763671384775 0
12.747959743432807 18.444526101262674 0
19.02850085473664 8.220553122100775 0
10.10122862168744 13.859197373263058 1
5.392904157574185 9.195047723092102 1
4.0566637190377675 15.339005537628672 0
5.604502278296635 15.401611814535661 0
9.019067523618725 11.174972445783414 1
12.491417134433153 4.338709294282486 0
14.95074504270075 14.102070297173558 0
12.279244420933784 15.83398734936188 0
17.83959769184455 17.99766737478489 0
4.462216251905913 9.307163628021362 1
4.317493336035509 3.8326230730006894 0
6.578228565228709 6.61201862719631 1
11.253953636686296 16.359203148229163 0
16.014210245534162 18.46829673827932 0
2.0027717900372743 12.924318512502229 0
12.497538497098212 16.768522885805595 0
10.219190952061618 4.826555885927686 1
12.636425774597846 3.8218290342718952 0
6.122643679091424 16.551652938375653 0
6.134491369750057 16.744429421183707 0
4.919742834016936 14.560722158058475 0
14.69743743912578 2.402480407651064 0
4.92303448981599 5.424313712678002 0
12.53080766696228 14.052450270712292 1
5.160797218771083 15.263170118480973 0
11.639994125065062 19.503549918631997 0
15.375922856673991 8.492982459253009 1
19.137432291358888 17.101334782525825 0
8.400822604872939 4.92152653686883 1
16.386559859829585 12.841402508933612 0
15.313585301074014 13.073237777424163 0
3.7797376710511643 6.675454534255117 0
11.458671130368161 16.85182929699234 0
14.688769447721974 15.54175971199837 0
7.777238801192019 17.86758442261287 0
8.863222937886498 16.044474115435502 0
5.921836537850298 11.279566894756217 1
0.9088695776660782 1.8537826306897598 0
4.072829435335041 11.967591207209573 0
14.448383512017731 11.731306641054267 1
4.633103258103411 1.675460758253926 0
1.343426321530068 5.800447351932368 0
9.359021485479563 6.195841377425857 1
6.989529308806559 17.571167107268565 0
6.519709280664568 2.316869079392303 0
13.514555702172167 9.389937888261326 1
17.854931823883465 2.7078044616014307 0
3.9722264589874245 3.626791744418294 0
4.963982550813419 0.34106457749162544 0
14.618411774966333 17.012296596573258 0
13.298745978604998 6.131349776828092 1
7.032588058809037 9.745318172345423 1
19.60743011798326 18.676436426057002 0
4.082411652712754 2.823783950320835 0
14.140776728978398 3.530239458658615 0
7.78031907457839 1.2096599979886968 0
3.7239716988162863 0.18440608051662588 0
16.440956062036495 0.4931379460039498 0
0.5279148607741435 18.618399684900496 0
5.723606680284339 12.890312521001166 1
16.400845956402755 4.917507910351078 0
0.7288432715860815 11.799634480813399 0
1.3116401730723837 3.4794402667000512 0
3.8925591283189354 12.269855944051786 0
2.3176980479881593 9.661640483147398 0
15.896286437197345 14.551728455032052 0
17.90442903779043 16.285376663959564 0
12.857623650738361 17.04037570409052 0
11.849792010763478 2.87008042272753 0
15.9400034861393 12.177230797020659 0
7.434894250967723 14.989002774529387 1
17.6805028508293 17.618395985704645 0
13.28133111476959 1.9972345631278765 0
8.192262717105205 9.510466853448827 1
4.183100571223601 18.214807787918193 0
12.20310792549395 3.042402786421865 0
10.702661813052218 16.3808159919273 0
11.073141757081949 9.68421603533029 1
2.9002876992980076 17.45027690646343 0
4.8377896013326875 4.441268009786135 0
13.561305243228976 1.1606019695802705 0
14.819934856728223 12.9693271800293 1
13.968109735616498 13.044709554611192 1
14.25990031437227 16.3112498048824 0
16.35646071930377 15.158675065182198 0
5.783796700516577 19.710059562429723 0
15.633861331855643 18.30318295246692 0
1.4789777906793589 6.628738415166655 0
11.244916212356742 8.51044766427319 1
12.735143214883461 10.789444769351968 1
6.175576320495393 14.149205535754145 1
13.750625888293644 12.88090204304642 1
9.179926800161153 14.004576853173328 1
8.449573089429867 2.3926036564049302 0
3.156896968098326 14.44723547772802 0
15.48467245152173 7.280711152395307 0
14.591798270466885 5.812655772036841 0
13.22245872236847 9.84037348724733 1
6.836724671032231 13.977632507118818 1
9.46102205022865 16.403416964571605 0
12.969286434367094 2.333980366558579 0
13.964792309422453 9.740540574428483 1
9.095288197346843 0.8484020694450467 0
14.473697991105317 8.48856407743163 1
15.001994982017708 7.33917022413058 1
2.3098288976921855 13.68216755531514 0
19.862104962825033 9.922145482969547 0
8.554269059487298 16.893731434134022 0
12.020803478512478 9.49270994484401 1
13.3370044296986 12.078168323421865 1
4.308394846455704 8.049040380358765 0
3.4676609634331834 3.6140046939770154 0
17.460341761470907 15.553852352972923 0
9.605893411605402 4.7646106046848 1
18.9206237629559 4.793026496287551 0
18.083789232783502 3.277065327199067 0
15.941176984355828 13.164932777824694 0
2.421652449951086 6.210048833178834 0
9.887479473166616 4.094627837801363 1
4.799907604753011 2.5405299572154005 0
8.588167378122794 19.106664364764004 0
19.564553917800424 8.746948621917275 0
15.739974232412553 4.342688849558249 0
3.700520438965529 2.4652884627307015 0
7.709433790648552 13.47700803781006 1
16.62115619573852 9.07481778179262 0
0.5949012685848531 12.724179740961523 0
9.52330699580995 7.148138856486939 1
8.949611431351503 0.12248833496746103 0
4.67316400489252 18.666321192437795 0
18.65597948734849 3.076006462559493 0
3.518439651768668 1.393790985599117 0
17.16531057421802 9.812394487448122 0
13.610343910685174 12.294015491934005 1
7.016396240497011 14.849081973929914 1
17.528355179874893 11.133475692641353 0
5.784018566084297 2.7479454615576415 0
9.763532109841456 16.84046190434117 0
11.345872898383929 3.30115266447496 0
10.91129766498659 3.6118533068350356 0
9.629815148577558 0.7967547258976437 0
1.2420481811906758 3.31356037529295 0
14.644171910651309 13.780162322705145 1
19.573948009666566 2.5507335488675786 0
10.393584122992303 16.080355481312562 0
12.140804697314632 1.6330440137027535 0
3.2508378412052497 0.9618035532413249 0
4.330059929387849 5.6677129993162705 0
11.551197808629805 10.246421205176857 1
5.60037363113066 6.50072052117798 1
16.484743456326786 12.187800020867412 0
3.1814617087705765 14.725002461070904 0
9.4033810979246 17.178249542801897 0
19.253874399699875 8.533265499476542 0
9.332767671900331 4.13421285460686 1
6.126132243434455 7.905702546206907 1
9.09287461603045 5.338540107908713 1
12.281199954482314 18.69315419074743 0
10.37756100526858 7.275860806060077 1
3.968995954359311 17.01136857599443 0
4.625120180305771 10.579369136365134 1
17.54457661781645 3.3681101529590696 0
16.06425247105417 16.19833670957456 0
0.21732393498713254 18.381664369790094 0
9.24946555642908 9.331761362204663 1
12.69746636907463 18.735131267993356 0
2.0980855945900823 1.4583588738041642 0
11.799254471412098 18.345924669379954 0
0.39159230778401444 16.323932823778 0
14.322079298751927 15.941767714673187 0
11.912212480095022 11.187572013620667 1
2.0884707924306145 19.309669143474807 0
0.3662700812904829 15.031266495681079 0
8.25999530327746 3.8169619940024635 0
14.625520796602942 15.553345918340415 0
13.83112576860934 13.99854732018194 1
19.68771377039954 2.1539357838959416 0
13.049920884625312 1.119673719857408 0
7.0085232230515455 16.857063181667566 0
6.069124988859604 7.123683422717697 1
3.8344185133499376 17.104679206847536 0
8.68964373211072 16.630618794955396 0
5.604666255849691 1.306351159570831 0
17.66408184992808 6.454276685426432 0
7.0942532654780965 5.098388629549666 1
11.516997699861538 0.3687775891228129 0
6.513093463067035 15.180335122131766 0
2.5096074302252913 8.779997665437673 0
10.842099684895771 9.819475895258556 1
15.367916281619307 13.879848567586643 0
1.8263780345687786 15.701070684003524 0
8.399753101156207 4.752036342882957 1
13.171166492944138 15.309388187684656 0
14.583692814316542 6.6278869585639555 1
14.159285999082535 5.511386750731098 0
4.231988528623103 0.16812769533044447 0
19.425729863185662 6.722748879237006 0
3.27407592840655 16.668222860194824 0
5.227238657396514 10.85661547045361 1
16.973055711896585 11.135992871441385 0
0.04054400224341448 5.17750629657415 0
17.30239715968691 4.753116114104614 0
8.136091690625788 6.963841669398992 1
15.181161571982223 3.0161112903419385 0
0.22024358631140162 2.2851100121619705 0
16.899663365476194 2.667908268044492 0
15.378419379766509 15.761179106598204 0
0.4943372596365636 8.891991043290082 0
15.382206789190926 17.139238343769506 0
11.542423549926838 16.191999051329798 0
9.815979466529805 8.03563698360466 1
12.188844380063326 9.571190762680416 1
15.345182877040834 11.960485936253997 1
1.7473408927002754 2.663070825669811 0
16.0898969215398 16.60920030058432 0
12.102177601690979 17.739803417967536 0
11.737001906679726 15.741787434591394 1
11.730447357396127 3.7623733403793747 0
2.213228306952042 13.98670351757943 0
12.627297630061848 18.5706601399465 0
6.781344144371724 5.3257900134358716 1
18.502723604067327 4.793448030073382 0
11.419435890294562 5.214672055393359 1
12.171811219449298 1.3907074994856439 0
9.929411063059723 16.915886220111503 0
6.103567667194336 1.8715747805938499 0
17.90382429090264 7.51625674301819 0
13.657533770742976 9.539519175367543 1
4.172282633941911 5.669034536171909 0
6.745193352821312 16.486232173738657 0
2.682510739460817 1.5918427612697017 0
7.628240352091272 0.4262016918129907 0
2.1815383223543505 13.391460615798838 0
0.27273454067830105 5.993691405187942 0
7.045588066426576 18.024200519609785 0
19.14624785888971 3.068058171933512 0
7.687133016958196 0.8020799036196324 0
5.594878965637622 2.7652843665937943 0
4.6361629069572725 4.30530218361401 0
1.4432902386194146 13.619118519953544 0
1.4354503908576466 3.0220146766111777 0
17.324607719353924 4.60053778237532 0
10.457300505630915 18.4720958812979 0
7.44737792398144 11.899095963915528 1
19.635400597124807 13.64237017470904 0
12.681333382174788 18.492573752874215 0
18.38535324540475 17.71632457497124 0
5.752780239640036 1.5696693255966787 0
10.65310597667034 7.425584725734858 1
6.62890362102895 5.59607600865797 1
0.008897232559521573 0.30830477013873203 0
7.038292664553756 17.203218780554806 0
12.528544199476805 11.78225480742739 1
18.459613134005835 13.242045297302687 0
9.43222498935249 8.578818100582815 1
16.88959484451945 17.34927618593835 0
16.964841550652576 13.933766066165616 0
12.907533047842612 19.265597929170983 0
16.229743191851135 5.418730305620237 0
8.31303034986702 4.580992888526508 1
4.147918274165871 3.3122585078522593 0
5.340221519371644 6.4287032159106605 1
2.4453450886513917 2.9984108587881875 0
18.719326046961612 4.714525244173919 0
7.511473369025447 0.8791773791769453 0
7.512937370382479 14.904285674712959 1
6.373919541148956 17.976911042385563 0
2.291671316748636 4.364959203121632 0
17.912655306312118 6.474783146754315 0
17.731164672510353 8.239640145940715 0
7.652026627950274 5.447040948627004 1
5.844554451481021 7.639541945652216 1
7.1044360963772295 1.108631562327933 0
7.9103240876187915 12.08021593672295 1
14.994881737297286 1.0530853846153732 0
17.445234033426114 5.631811917772749 0
9.736230342337311 5.765753315993014 1
1.8498485434797707 12.911671402838438 0
4.738504035601201 9.709069812601975 1
15.471726858480178 11.25847372217116 1
5.529757362329395 8.648009200483626 1
5.994708617758009 14.378025113406414 1
17.78619750879879 4.803078881283087 0
15.40923706223715 18.556476939499625 0
14.528051921057418 14.46076975694011 0
2.4392972711296923 16.577656554187154 0
7.129054268060797 16.727544511449437 0
12.67055557991776 0.11577510147964265 0
13.41230558082759 14.651357181668484 1
16.560899224565947 17.780484281239573 0
10.68535498104401 2.4142191686575076 0
18.363221644849766 7.328530107913123 0
16.868561953654428 12.009288025062169 0
11.145517851160127 11.707934136542555 1
6.329965003559666 7.043117527794751 1
18.984414225657666 8.530464814739167 0
0.7674483013641509 3.263711284397901 0
11.084633598063974 8.394148126242824 1
13.634890902774115 2.323556623402594 0
12.706638236346093 18.181700485576748 0
5.897012507924089 9.30829127113919 1
9.716795352438957 3.5321364781977937 0
7.929287406680865 19.635439349581954 0
5.409875647728253 11.383370383290812 1
0.2279378819700062 3.223871026443097 0
10.365029405003822 12.874290463217681 1
8.228168370070746 9.55403318889653 1
5.992575351092113 8.33741364082059 1
15.164446980544895 17.4175027010493 0
17.33858218289742 3.85870942455129 0
16.91435828378372 9.154000768265178 0
8.612231971898023 11.758591805643112 1
1.1542352480937912 0.0855962820951639 0
12.46686944964846 11.855415469192351 1
19.713718403041213 4.458200826795585 0
4.831112740017895 9.440503888892888 1
0.5362837021801847 15.814444939973207 0
13.228912415964666 4.281408918996807 0
19.77707175046868 19.054712167103496 0
10.956161335985064 7.768264562559313 1
16.316851991559968 15.43002047236962 0
8.551312375415034 9.130217890248126 1
8.47193385534 5.0184305047819855 1
8.720722175905317 5.007135692455509 1
11.334732884219164 8.82587175511107 1
3.191332259177877 16.178115023729983 0
10.940497098565935 16.510140328425457 0
16.811655309645012 18.414341648569096 0
1.3894107157755542 9.536311926870217 0
12.410966622091951 10.12372165136156 1
12.74502042593995 17.01026265699625 0
4.742845078235396 5.135350015446201 0
2.334105659230159 6.31420979512632 0
4.429220852869271 19.506254213836446 0
18.52424065532119 11.05874631113755 0
5.017982676888721 2.4314703071377597 0
7.0347301403271345 4.257616636153223 0
16.241651544876678 7.953645566109559 0
4.063698635058472 15.85706826287664 0
1.0973202243567082 12.090900901748263 0
17.137159812942066 7.900459928727372 0
11.441967766017964 17.83653037379712 0
17.14065188251683 5.825270637648403 0
8.52194459515143 6.153086121704239 1
7.513118372245222 3.9930364437145416 0
15.311945097434798 5.681752653870788 0
7.6114627557682795 11.179202275888443 1
18.822167857459636 17.5852893946433 0
3.4503616226751577 19.844635020370415 0
6.703092939989288 10.556000883982755 1
9.502590934346715 2.0955922393351867 0
16.573631674900653 11.77582973999829 0
1.0078742188676437 14.322330110320502 0
19.666302831512688 7.647259176556382 0
11.596326844027969 17.519031934900834 0
10.887803322976275 11.715809342667146 1
1.0107623180663783 11.656685567120084 0
5.20895507151967 16.925686235228962 0
17.907625613927337 6.082467859698298 0
13.073939701161905 5.243828226024156 1
6.216081267955489 1.377591523416981 0
19.465711588446712 17.140737921799428 0
13.487204889700008 11.287296730392228 1
18.827242754969323 6.120918836749789 0
8.609815044518577 4.630621559058556 1
4.049619001788605 9.279478785974815 1
9.301635591744034 14.359624250646224 1
3.9481630307470827 16.42337455982533 0
12.945372500365707 15.52451131270293 0
7.410434914523081 13.063540252256253 1
19.309954910681075 1.2314878301455279 0
5.52186552501537 15.837738812208762 0
6.3412304876379615 9.836464887035179 1
9.177001845368531 7.558536110825955 1
12.844155787650116 10.167746694207661 1
7.621757398503435 16.50031797695034 0
18.37921405765326 6.043674480538169 0
14.994089286815894 19.1946861020071 0
2.553744933123303 0.09728931576060251 0
7.710121374266457 14.513091024483629 1
7.845295000660846 7.146314862974899 1
10.144727390369514 13.29966174206106 1
4.788103322385762 1.7808042070117458 0
1.4824724700047631 12.018051228206303 0
2.7492358191083333 6.369774916235656 0
0.11349629207642487 15.199553656307778 0
6.3861225954014245 17.803768206967014 0
13.364562779955333 0.6662159397145095 0
16.978171026964088 13.963508207979341 0
5.88945046235088 1.3057049637440743 0
4.77727757005336 9.156822198808056 1
6.727159677914319 18.90028367460736 0
4.059814716362753 17.61487349809703 0
16.31176604528708 18.980630242201258 0
2.1131721292061423 19.30288566068436 0
7.4043997847850545 4.133179793963819 0
3.6286166755440408 5.15551945179822 0
17.11636455761568 18.01264281124045 0
19.9935583995486 16.219625316658973 0
5.544836543472515 9.274873658826658 1
11.820002124911271 8.477770630930564 1
16.904626214835766 9.312216046929489 0
2.2418751715153684 3.751114424503601 0
5.001203568015278 16.533636331477926 0
17.892264385788035 11.516637262948773 0
10.614939289810163 16.675067926072764 0
1.8955246004812976 9.2946886670759 0
9.905900449086399 16.7343697986971 0
13.135292198162755 10.14485934542443 1
5.863498912636613 7.038086317915617 1
16.988994567094736 0.9436754492516664 0
2.4975125147566835 18.936577316049387 0
0.6706035570443225 11.825981593969129 0
14.99028515612306 9.51532102796648 1
16.729814604649377 19.377243525757905 0
11.215050958751437 16.938460402580247 0
11.76912504152227 15.222108509383624 1
4.055262707749194 1.502202640313568 0
5.942785372156651 9.759649993327468 1
9.578036672714571 1.8362399310894006 0
17.592679105430783 6.511858800077899 0
15.431159842736815 9.606891302714104 1
7.133203478243262 16.777388907177667 0
7.70102685162994 15.27042922442172 1
10.078998582003392 19.417121015434972 0
1.8160301091193953 17.31941418546507 0
15.364880092397112 2.753338408278858 0
17.570505368617276 12.871779033873823 0
10.9806800106064 19.289696140979565 0
18.62238672077504 7.22237892926588 0
4.257949297852457 13.063740162693948 0
16.844024660786737 11.788000830435415 0
9.94413121522629 16.907388945174123 0
2.090928305721189 6.41403315788261 0
16.767444432875664 11.95647604132099 0
17.713569383347718 4.187030779521819 0
13.968760234230723 14.266471904348816 1
7.398263752482748 10.888954261007907 1
2.982911738994045 13.58399972501126 0
3.3675555941370217 8.152600907884665 0
3.1548681275861434 8.640624462958717 0
4.218392838022746 9.750795961813836 1
8.768702456919243 18.78771464568809 0
4.0107138139242515 1.1093395369999315 0
8.284699120187177 11.156432479549252 1
0.048250740970305905 8.786660593277505 0
11.465326675951996 12.9543206129289 1
3.2618349062288488 11.534544105022315 0
19.17451503121456 0.8886393554883232 0
10.57904921319201 15.506151837262 1
17.499075898205493 16.841256746187327 0
18.884936392040338 10.467900798985026 0
15.943393569692875 12.613522152073866 0
2.97217460145071 8.768306717278453 0
0.9716104713395657 17.793490640732784 0
10.174482330225803 15.377525414546259 1
3.5991559199164858 6.279711227061093 0
6.26875534041214 12.20934865253422 1
15.960673781632886 14.014239979603849 0
12.4506779977371 6.437004342104389 1
8.523322513730944 9.213120543541118 1
16.785680006804114 12.140998568524331 0
7.375401055026507 6.244851674268583 1
4.369243013794102 9.986337038296941 1
18.515418490577375 7.829451288206282 0
3.4743074394316853 7.638756714225181 0
10.97284308630622 14.744491891342637 1
1.0469864743375812 4.97307157074432 0
6.707894386579456 11.583297971170285 1
16.674570004317303 16.846811833675343 0
5.174925610543017 2.3764409632194483 0
11.75718628737538 11.661622164867326 1
0.5411035038337819 9.083808858650585 0
1.6639013716688345 6.981831875605662 0
0.5097954242292202 7.830290518619698 0
3.0300059651470868 11.14783246294196 0
18.997237201289522 8.171363681191773 0
7.955879269947676 5.19681763560877 1
6.480702781887075 17.099707546944508 0
14.672206168294899 16.072361658562265 0
4.329276914409199 18.835698194891375 0
15.387544947940874 0.2505362153453916 0
4.397980139037935 14.280960346943477 0
0.05868421111359101 0.7374434328394286 0
1.4619772554316612 3.9022241044074746 0
17.966255763702712 19.581218407705258 0
18.147289069070155 15.185688620625681 0
6.456452971567542 11.608843026339228 1
7.186814596815432 11.204262916486947 1
8.442071804729173 1.3084599873477964 0
9.624072981351482 14.397944962554583 1
18.168050522771185 16.22675934094522 0
15.19374011923843 16.819146443776447 0
7.732859897407895 14.23967609985426 1
16.31050357614632 12.894371896418592 0
18.037138855178142 5.988458627234303 0
1.2081429753852113 9.614157738099786 0
6.31207225307983 9.43755688224208 1
6.3022898290090605 17.607525616219544 0
1.3040358237371907 2.24078932121764 0
16.1144876261747 14.607171104845616 0
0.16909156213369858 8.698839444036544 0
0.7235365091523982 16.378096049932868 0
14.917880004007891 6.654193731545397 1
7.829635892072282 5.9252574564711935 1
18.030160621289873 11.565658683764656 0
16.492033915480853 4.207801405302365 0
3.556099959168453 7.833840583730042 0
11.80623403893712 3.899041830386498 0
9.222907915009548 13.079912999842476 1
11.163113487992911 3.7522146987589333 0
18.771400067882364 18.468962598980955 0
10.030219932398047 0.2691005815017955 0
9.624251150306293 13.128153260960467 1
3.03303364320322 15.801444536974333 0
6.459834588192985 11.892983792492359 1
7.0984712764456575 1.9384845992371824 0
18.35050715635513 13.889170524485468 0
4.382725636614195 7.3437835239100195 0
19.586413715926835 10.445146852653624 0
7.101040957524671 5.666492431304286 1
16.67549896735321 5.953303423424529 0
9.340523464107854 4.98156677353117 1
14.603106293708418 13.648542638156016 1
5.393030929613618 10.412549236168584 1
13.539162730008565 13.919396619243773 1
1.6394290628121877 3.2272674560802628 0
7.7658640725880606 11.246711553069096 1
4.097309704724101 4.061215919131717 0
12.981750090117261 8.433729956677421 1
9.784942972376507 17.681470488217663 0
12.293965267885765 2.399226454167107 0
18.468145841782725 5.242729566081401 0
12.152800998716264 8.08932387744589 1
12.179172728934846 16.044055277651303 0
8.087927897890596 1.7304097746892366 0
12.263799351290029 0.8247315384780518 0
15.233536652696882 8.23414259803634 1
5.682663115646727 10.528396726118881 1
7.966831917875652 9.983573812935306 1
14.13025755739345 13.501549490640306 1
7.552574333104616 16.4566539612801 0
4.0757170023487905 2.566141144633889 0
6.191152327372089 3.1789117040793213 0
9.813440717918255 2.123274530179584 0
9.09463046781112 18.17823569754951 0
5.8563682626077895 7.696924240898603 1
19.358721351820222 0.5596007946972015 0
8.381366296025792 18.60711243518064 0
3.7089695043865656 12.867257744677392 0
19.537993268354366 19.58505153279853 0
15.120834132185799 4.597863858458238 0
2.9142151667967986 11.651763435876966 0
5.419211857007564 10.638559068712075 1
5.048528355598294 0.781991968803184 0
11.833312033317224 16.57317938009638 0
9.367444886623284 8.583763458969942 1
1.9852615089623682 5.729615239624605 0
6.739638470177576 11.163416092223668 1
9.808712245033778 3.4068086952233445 0
14.061322905283681 15.654894292809052 0
0.19616575866570507 8.349449486945142 0
18.6478754338376 0.5861914606455687 0
19.179194241651608 2.8481921989265047 0
13.54552990183641 8.752088101800936 1
4.841586198273422 10.68782974455396 1
3.550285842329255 0.8936373269799924 0
0.4445392871414966 8.941668228219777 0
1.766546245594529 18.169618191908647 0
19.135103193740356 13.930351654390687 0
9.949209756646589 14.62863361686133 1
6.27198929465044 9.810920086729054 1
11.147043423993171 9.55959864273937 1
9.724495084817946 11.650519043228847 1
14.492554312077988 15.855947887490148 0
9.859351138688163 15.333294884160528 1
14.227887466227557 17.3256809745295 0
17.41633787173911 15.051130529774035 0
3.3687231278120744 10.381845432504873 0
17.10391835981159 19.25677853804938 0
3.377707687202589 15.935023900821792 0
11.574955257338148 10.590235424658726 1
5.5410410115527515 9.076007230957464 1
5.742986339650247 0.5347050980527523 0
3.6921640832068725 6.631672265963655 0
8.909647738754355 1.743165954053827 0
7.2851294907153274 11.322135720248557 1
15.953978951499757 3.491085630572166 0
15.932438016428867 11.709820569921973 0
17.43242891534388 11.48296722019346 0
17.547661413336883 1.4154043827526208 0
16.16848211574453 9.981922611169518 0
10.578061517450019 16.570640444917323 0
1.0945723145027308 10.455982231605134 0
18.0962173376747 4.9537623479695885 0
18.05045374930404 13.583631914452692 0
13.487858266905342 16.128067513975136 0
10.082166219406401 10.320279101898063 1
9.650420598451458 10.849061925710789 1
4.580935311460614 3.433815809437295 0
13.420816860363756 15.92325799832447 0
6.933201456037756 2.4388566743366358 0
10.009109598495503 14.458295226075998 1
18.073700782564842 11.679745634400563 0
7.829688863945082 11.775643508520744 1
16.882380995361935 3.665923871268484 0
15.64400101202576 14.911997178647042 0
5.514099665576455 0.3064175857493301 0
19.26756351446793 9.859591957951302 0
0.16655685958017585 8.954360350413467 0
3.013028457744713 13.488024644673501 0
4.704381079478008 3.4665220430310306 0
13.266453365610625 11.40915727512445 1
0.7203002490170829 15.24576029498061 0
9.747608067268565 6.527802895656476 1
11.821022272456377 18.18603012173152 0
15.636162181452598 18.569917795162024 0
3.214233740857868 4.016410763900858 0
19.769353907669856 7.104822210111412 0
0.4069184203129472 10.292656727945657 0
10.842469031417586 14.994449206965314 1
4.864771611457295 19.8853465414644 0
1.016243494356972 19.641420241712048 0
5.5120278336241775 12.461947088260183 1
0.1606875477176084 10.57040600276247 0
5.230270100745489 19.059948330166787 0
2.7856289997716432 14.961904501264815 0
16.572385596984272 13.836768253931401 0
1.173150983546154 6.967441120170086 0
16.203502952076512 5.1331963732718915 0
15.0544661772519 14.544190745361083 0
12.929621492879683 11.328959028438813 1
12.415007913989866 16.956069217267775 0
9.957632443924087 12.500824091238453 1
8.197840263600538 15.072645582269374 1
16.93333266146898 3.621796374356341 0
18.621323441730134 3.2768372223433495 0
18.858644129479398 0.5602516510616606 0
1.3410013772960205 15.929162056701127 0
14.828130679867659 2.7895774274991725 0
15.650946316821763 13.511592365476844 0
6.868611029116352 7.078157580380693 1
4.682021066937086 0.6245383536728033 0
7.910159835184334 10.809069258415526 1
0.20434132152354456 13.457912596995786 0
6.10461255122064 16.60285879319415 0
15.752136808677097 8.409274698801646 1
11.180082315118987 4.1873474178680254 1
3.8862107304789806 13.484520341826371 0
1.954428497980829 7.355120988171953 0
10.506831924924157 0.14221784836570883 0
16.415409148649257 0.002889617530763555 0
1.2562760354673097 17.25044772954355 0
3.4244579557662003 11.204376886830739 0
13.396117190979774 9.03149174249183 1
18.926450112044343 12.001989272062533 0
19.55812354214857 7.631148203648273 0
15.000584210981172 3.755559501851191 0
3.321323339597262 7.733021346682856 0
18.717035082853783 12.830456260411918 0
6.618405454161877 2.330918708622831 0
17.323054994846288 6.680378244055829 0
18.28391675253596 16.83033229732642 0
13.526214569127804 4.56543142783985 0
3.6847330680884505 9.474461043128333 0
6.442147879860498 16.07140864646459 0
7.604693771855717 5.814705237147566 1
11.765733369331155 4.88450257781497 1
19.88349497934164 3.315192480421567 0
17.9304286079785 13.033215279058126 0
19.298308354556404 11.664507541643497 0
14.579106337233414 3.2186362133020396 0
9.769895807757763 15.473256120345827 1
4.528607307079198 8.050379632076975 1
8.664809702650603 5.51738576932024 1
16.911506237573217 2.5253506417945837 0
13.60520959629584 18.14163626156626 0
7.479179641348459 18.9790408497355 0
1.23212830249817 10.51659548016272 0
17.334948927011208 10.145231587486585 0
3.098488425904511 3.3722824532341544 0
13.257775941100645 7.017661877320663 1
9.70400147446296 19.998921185214623 0
9.569960834236266 2.304658299010358 0
15.006355692037992 15.288509768764623 0
4.955072592775743 8.03809785394148 1
2.697153536935386 12.768669629593237 0
8.920224687309009 0.27764786464328894 0
1.3003572805589458 5.270690267222138 0
8.122198616946982 15.00295673860052 1
0.8321663142900038 17.920810605929066 0
7.6639359348073 15.7860592054035 0
7.531897205674769 9.531522169504766 1
7.533325873166858 10.938886869421147 1
14.410142285718244 11.868404082398493 1
8.690366524301316 4.070369903145361 0
11.653359572379316 8.744725805247935 1
16.909038523440802 19.078389719460766 0
6.483977058381944 7.132043770471079 1
5.446639681478647 14.849195355641562 0
5.831791553322317 15.381574560618445 0
19.44749517313617 19.803379198426832 0
1.1536694508493262 19.254432608918894 0
11.97951868233002 13.84227834738018 1
16.458386598019015 10.97211872277571 0
11.456861488734582 3.011344397533191 0
15.478612322274232 2.1004697142110063 0
12.715387560404857 2.508039630552066 0
16.16674084375857 5.0308809496985845 0
18.806511619983393 19.507815035458243 0
16.138726130026168 16.515800344659237 0
4.5977575719182955 12.377667970890489 1
16.649963381901134 2.484999481074599 0
5.16423787666489 0.3571245111437249 0
0.42597848373064906 7.816726386994095 0
4.478586170620835 19.51767743659996 0
18.809439560969786 4.670894007937929 0
13.080450491675336 17.556141026130657 0
12.369780337089624 11.620975767948444 1
6.039877006136578 5.9098101162682966 1
9.802609811003482 12.798481351560149 1
3.267454714963456 2.278032372281622 0
0.8563628766080478 14.801725200270923 0
6.2716576925603995 7.015109380322151 1
2.3874378950030883 4.59321493030725 0
17.693364674144544 19.797611564949435 0
0.7076678428755279 5.8006594398740425 0
10.579980375550779 14.022528111342309 1
2.9637804108835453 5.308156193220004 0
16.669608759955718 1.135070302438106 0
9.524726529771943 6.592320724511516 1
16.5174548951809 7.706044461641968 0
19.820367176675816 8.332915324309289 0
3.573746876831947 18.83469389594228 0
18.91451945286422 14.115659036148214 0
13.971804192608488 10.803697592732187 1
13.46382321398777 18.57217257292191 0
10.667528109512872 10.051652035044917 1
16.90514218290243 15.501900454289 0
17.600760904020923 17.108104624837605 0
10.010950187863079 18.96385194624972 0
8.798348329907073 17.707847442643835 0
14.298490416487159 17.645070995413406 0
11.792068474140347 13.031395002054083 1
0.5168449650834805 19.613491242611175 0
11.033645795782725 1.415859909155699 0
12.357789737616194 12.48318264114988 1
4.360827120365915 1.6222659021833152 0
10.269174602067707 0.44201726473368064 0
14.112830022063644 13.124402012604461 1
5.171156298789148 19.583936786360525 0
19.768721112414994 14.029298402947383 0
2.420570227200083 3.375197218231587 0
4.458231244646463 5.415340115127445 0
10.01922263621539 16.20489390099805 0
1.071226517367152 17.70614521574204 0
7.762445967492639 6.2906263481910045 1
14.273449581504355 3.5491611563616465 0
5.248946043204128 0.7080947064711784 0
14.910499313756603 10.28375056022606 1
16.49233519084525 18.046940686091805 0
16.395037010519466 10.289036934342464 0
15.758067869350432 12.459146948671076 0
6.831837983223692 9.62324242511382 1
4.391385865368349 16.56489585449648 0
4.834699427518245 0.5051118544458655 0
18.00984045332195 18.700133073368 0
12.646133094595767 3.0060299181637906 0
16.734623972900323 18.772403896546503 0
19.186400422521427 2.7450873548627652 0
11.266294251441366 19.034036195607893 0
5.62166384007305 1.0439325694558255 0
4.657816693350343 19.06303083769425 0
11.163618827905902 13.665128952203649 1
0.37526595179208977 7.218739640195602 0
15.424933682743667 11.816446521634443 1
8.369948964512526 6.408764514645089 1
18.923757110044292 7.425240517319802 0
4.653880478273331 17.847975425467343 0
13.24400846756506 2.9867557144178902 0
7.119289877745527 13.351967348479812 1
1.773115919968995 7.519249529726439 0
5.987164338740381 8.762188773781457 1
18.54807984780488 19.566180411111112 0
19.206298950760363 7.5232327346898975 0
10.38166516661379 17.49385808763141 0
1.5980527162632652 19.07831394964246 0
19.007216669836733 0.26462554636316415 0
10.737722325817607 1.3276770960465978 0
11.308443779331155 7.082907273500321 1
1.1391104402973329 4.746388825665873 0
1.7620182404559315 7.542322980779225 0
7.569461865522484 3.941112098040982 0
1.4037813032047186 16.28862197486797 0
3.3276927647067933 18.562639494251364 0
11.338594177488064 19.469532490309625 0
10.881748047498782 5.318898981365832 1
16.995844411931653 12.70012716206973 0
12.642944152629614 1.8055721955391024 0
17.92187149190071 15.216175910806545 0
19.48606107040648 4.494620437537393 0
8.070979990500911 16.956099355646927 0
10.303071048079941 11.8808413914354 1
10.99124373761774 9.865108868193706 1
17.98967333859564 17.699440383690945 0
9.507853072385121 16.801037100669184 0
6.091688296105602 16.297469455090596 0
5.4489403435482675 19.862542843342133 0
8.614242378368147 4.882207193016946 1
1.313463282406797 18.977886623588887 0
1.3231613550673282 19.37546858560546 0
0.48348632562470906 0.49568346013457054 0
9.771234324348612 8.530201589574329 1
12.675278252716879 3.300916911030174 0
5.540468235471831 0.7699110721284241 0
5.255383957124717 11.436433210425633 1
0.48673340869226145 10.693502640349655 0
1.9214787503483954 2.92235652760078 0
6.853440737373761 12.032148478680076 1
13.795249322801446 4.617720773454115 0
5.139030965656357 13.295336446382802 1
19.530091981635557 1.8627410930330268 0
18.768863321500007 2.2818805488276572 0
16.432475551978957 7.746583744343829 0
15.579408980376954 6.578074944712002 0
2.521996619823692 14.966950379637588 0
0.6351482949875598 17.170916030939203 0
4.040470936596381 1.2117808844291011 0
18.88030893694136 13.263755770878321 0
10.330376416295866 4.195291313700502 1
18.38147718731062 4.612383882761457 0
14.254610975407767 0.45238415936255993 0
7.97538815417046 3.120342827767244 0
11.030221029480378 15.426868426562946 1
13.20310581415381 2.286717697965248 0
17.806599020819682 7.874462570257721 0
12.913192095567185 8.759206962158723 1
12.302288124382326 17.80091222126545 0
15.17676942326732 3.9577463672702007 0
9.266502437142517 2.466119401791209 0
14.30499276040874 10.948182707459178 1
19.618980826211725 1.9258751039174005 0
14.037945776297365 14.942182310979806 0
11.886592467391694 12.009780134086279 1
1.3121582397546305 16.82958874538537 0
14.992758482593182 1.4974681138769075 0
16.43383945446689 1.1632052351947642 0
14.895646066921042 9.335833206329912 1
19.745466395429993 15.233157197779654 0
12.311676449464086 3.530810223055203 0
18.08733366025059 2.9990676199583333 0
1.8132517856518593 8.612816168992845 0
7.877938354596772 15.112442890820416 1
10.888528041007099 18.16548355253739 0
5.403902580240565 3.428947555001194 0
10.8341125257387 1.8625788430951729 0
8.024375618161645 17.96161896981274 0
2.336160566759209 19.856246647611094 0
9.985592100905365 7.87690429744488 1
13.285795641966299 3.0282574477128277 0
10.188077902420932 16.330901888388702 0
12.150645904019015 12.106635485598803 1
0.2994426363859559 18.822274129675115 0
4.744388473342491 19.55627070326382 0
15.970202253925068 6.974093018868322 0
8.63640578346818 14.09472442746157 1
14.891406793761437 18.53043678704267 0
9.806626491198053 2.3136359486212665 0
5.7693719340052745 19.499295515580076 0
11.780192740165935 6.143313925169778 1
1.8303838018430874 8.201707464639975 0
10.236313520417923 13.826248911208857 1
13.91001440841956 13.334987511723163 1
3.262229036455566 14.626786287494884 0
6.291010884904384 9.346768307445322 1
5.748007379094591 6.28587620441996 1
8.884091544942535 8.347014607962455 1
15.05774028805039 17.966223780820897 0
7.922562927519445 15.563355227267943 1
1.6424514914157062 6.9207564564754565 0
2.730306687192141 15.294839256559044 0
2.718921867165409 19.189906106974657 0
14.923591732333383 18.28474051292734 0
2.8173956100827535 3.126751626785267 0
3.4382584004056005 0.40047513349318775 0
17.185948526805944 13.122272369577042 0
3.386192498986078 2.9435973680523486 0
9.815856370597142 3.1449418380676075 0
7.423777536414109 14.353878014375494 1
10.946663009698431 16.970192052778103 0
13.434712275304983 7.220048076827803 1
3.5030107743927252 18.469669460288188 0
7.268216957562905 16.481247302319698 0
9.95270232683583 10.386088471077917 1
18.77202518769938 7.062637671465 0
13.479825673922022 14.171156238051188 1
10.062065842965733 5.286694192113344 1
18.754249403732057 0.2522731775429321 0
12.55000022823178 8.239654808334421 1
11.850477660990084 8.61754250574137 1
11.878183664601094 0.50906336860022 0
19.937817526251465 13.438145835169536 0
12.52444158694476 13.214913868753724 1
13.57325476385645 3.28710079395669 0
15.162416232235632 17.8518236936099 0
14.356843341346115 10.80194055541523 1
5.551129630813739 9.8508068420421 1
5.327021564951728 17.334825046283967 0
13.40449387389237 9.085830290561436 1
11.465243425920146 19.10279567856948 0
11.966789019224649 1.5948379644382848 0
10.349544134810866 3.638306724991671 0
2.9377733547326934 0.5189478957978322 0
7.873634074014726 13.447744518450037 1
18.650108019958513 3.136474986636786 0
6.193019826491084 1.9766863479919183 0
13.35532248630619 0.11878575076340159 0
18.96676607096823 17.206355715787282 0
5.566279328261201 4.053619340376087 0
12.609622503922571 8.183833287227756 1
9.164811880955169 7.759163493394812 1
18.68299512419846 5.205198866368939 0
9.090924755140508 0.12555059428935422 0
1.783373991395043 11.176360374363094 0
6.454170590921735 5.038686855043628 0
18.275284031062885 5.4485649043063455 0
10.545493892345588 3.922343707019129 0
9.958346749891412 11.997332693369305 1
4.5450465371593785 0.00514797632745756 0
16.55030322441252 11.514592866679546 0
5.102559555064468 11.004637725352184 1
19.092014086396425 13.818223598279207 0
10.18676877549062 14.921186197816285 1
13.399562595996246 4.861693395426954 0
9.987065345901645 14.082440899749555 1
13.606019216454436 19.25749996807422 0
17.33321253803765 1.746584218211129 0
0.4058551074896166 14.19500008582466 0
15.226191911332057 14.240925713655407 0
13.656385316219593 4.042317056711601 0
16.540911146086682 15.830543394788211 0
10.299431591510368 3.433031890290197 0
15.324692193469415 1.6896373547743648 0
14.48348695940809 7.0054791787834265 1
15.360722766699492 11.913922297949249 1
19.352819280964557 9.799930466161834 0
19.322470887583847 0.3394044915164929 0
7.2735943621985015 2.1516586592643328 0
7.007508382476666 14.44671618986332 1
12.696690471731632 0.8952334244087679 0
19.84792474197035 16.87311736276766 0
13.327551521941391 11.188575740362348 1
10.9900366759066 11.676812656664344 1
14.06682823204334 18.416598426240082 0
12.802443746473998 8.431169492562283 1
7.683712579685529 5.3927070665340455 1
6.801706960757706 7.762213489483079 1
10.587528532306179 0.5480516418912673 0
16.43107847791101 12.817580995147658 0
4.873806541437171 5.855516708910484 0
5.460899146953366 8.54559354295186 1
16.174198777303022 18.842502377445626 0
1.0973039110585825 11.0730676005712 0
3.735527568766719 14.401362972236036 0
1.9613107829297594 8.978797452421315 0
9.608416025679002 11.251633837160504 1
10.521058979319326 7.691036829337474 1
0.34981768106994604 0.9698568837159094 0
0.1859292497439391 1.2307520249754145 0
19.64406605261097 8.935584810762547 0
10.142847910583878 18.957213297969105 0
14.734762533449782 19.870124360293428 0
2.778523616223203 19.819302248929716 0
12.223456017424173 1.4051315450926927 0
15.051461629647777 5.373055302534386 0
5.487338009108327 6.290646542816578 1
9.20700177439114 9.085497106463105 1
15.991823243217961 2.695634630445616 0
5.415670903245216 2.1887080782072554 0
0.03579624125708891 19.847087600152186 0
18.134789448534 16.893892238844675 0
2.197831066016791 15.475423917601796 0
10.128344621114158 7.100248779318656 1
5.913550602224893 17.374443408959 0
19.134934500410242 12.207265185998722 0
8.465413512670981 13.253826560242501 1
15.229207500372492 0.22075034408906902 0
2.888163446279579 9.766174604117152 0
3.0234866824775852 6.419435696479097 0
11.93148056111803 11.802524852237665 1
13.23011387617193 19.089946937074934 0
10.055884687376322 12.054681295918732 1
17.668789675486593 4.560613448539619 0
14.946598924506151 8.862133436115833 1
11.347334343398455 14.991847706239854 1
7.487410309212452 9.563293190804767 1
7.68334668633218 18.366947602297973 0
15.452059608131844 16.893310843763807 0
15.918958865965791 5.9702938311188465 0
18.548395847010482 11.040072897554811 0
0.9545639776515391 9.359726569163794 0
8.175937238823764 11.82202577376773 1
7.437520691065882 1.3045133125315744 0
9.338068211703352 17.54638520927996 0
14.673991017049035 15.338625343065413 0
4.943598009764507 1.0724460345816578 0
14.955762348200414 10.681697502678823 1
16.446996884458095 13.029796033420736 0
5.72798633753099 2.870007810342192 0
5.851209926684096 16.041514578367778 0
6.092681494414691 4.654657805932216 0
17.64882934613421 18.781639904133108 0
15.966648563696841 18.734898068832308 0
6.4852471445532744 7.424021623031645 1
6.0967070569992 17.561533958424832 0
18.502006271568384 8.921918645737989 0
3.3224793841677958 7.78452466835057 0
0.6776667524830193 0.4657946701354687 0
2.8260270883328276 2.9466452610443983 0
12.932835291705612 2.1646668130521407 0
16.67432191185392 10.06743148062984 0
4.979008236883288 5.061944646638041 0
17.368592753021076 18.921421257319054 0
3.0085719782872156 13.559549710119995 0
6.318902640965516 18.549767649106215 0
10.917267598094572 6.9746409095084445 1
3.852564897371178 7.353993911665193 0
8.355516588751906 16.94817909422367 0
0.12847285685974041 9.498855455895956 0
6.584322597320471 7.261753695277486 1
15.586282085273302 15.472960670831315 0
6.082905696009635 13.97887674388519 1
18.496204103145843 5.30157371091684 0
11.363687758795912 13.405888581579596 1
6.88071453889642 14.574697872721295 1
3.2010619318424216 12.905977450054024 0
0.5219707931099649 0.21679249389407573 0
14.802179091110654 11.802778953848863 1
1.373950994015134 11.274714305065734 0
0.4426819569548357 18.020340182645565 0
4.847877920279262 14.066651624539334 0
18.69853286705758 9.103658523196273 0
11.528738378564224 6.473587050485506 1
9.856167189991194 6.769657134064067 1
13.872359648313655 4.814942774218773 0
12.834750528973304 7.675624535770121 1
2.316165356515101 10.717963904620797 0
13.907567645086164 3.585543906222828 0
10.859928302959748 18.942700356907032 0
1.3078465704483988 2.0268644864883845 0
13.833451540805443 11.62318755613731 1
12.431883699626546 11.328818455135629 1
7.89588381501142 15.586679077546057 1
7.737049575976984 13.542654042239803 1
8.542076063535367 2.338046378176857 0
4.414159869596115 13.515549056634693 0
11.27853057109605 2.535039003958499 0
17.714460448573398 16.354098987247344 0
7.706840248127767 2.58968343190205 0
13.760049804318882 11.695199059761201 1
3.214762588558222 7.993526368806625 0
11.292234855723866 6.749810893302845 1
14.420638205480126 2.29582116879532 0
15.202097804080347 17.534647592586477 0
13.368452835326568 12.72210843119543 1
5.4984248844106425 9.2079085364861 1
6.865051604426807 16.77755881706243 0
4.668625149668342 8.867875726179566 1
0.7652469758280023 15.905694286798656 0
5.474292726754819 6.141198687248721 1
8.742048472671582 10.820398944476679 1
7.883967471900164 12.724383312357153 1
1.6234727423646444 13.15700100788262 0
11.082047014844294 8.879401512743982 1
9.946127836495132 8.55624058564464 1
0.8693331182325092 3.0085776920687923 0
12.865089090411372 11.306737022427695 1
9.770525955820018 11.538163990690574 1
12.751079199293027 6.851648046644976 1
2.316863329667078 5.643925437041355 0
3.3099030460141687 7.8936542551912 0
8.259278279133671 6.836265201558995 1
1.7777450624798274 12.021007122240263 0
17.451101537599317 8.019656541052147 0
7.9468432835905345 1.1870192775885968 0
3.824834324016839 7.288676434379349 0
8.41059522667975 5.643462980701344 1
8.120534676176867 9.454250206252059 1
1.0701636653045599 8.602656185491963 0
5.789081642187486 16.485617243091713 0
5.457642422991431 7.544032968273227 1
3.2917808819093297 6.647568272126351 0
16.859171037603918 5.014756401166595 0
7.270669838659121 7.527175011351095 1
16.963357084106654 16.157432297336424 0
5.247782456334036 10.581606018771769 1
10.434026184052783 13.649222790573782 1
17.06321626463865 13.456427559939044 0
7.096124255924153 11.492583913719287 1
1.6866535624125856 0.8290055093771476 0
3.5377227936945466 8.104958976870225 0
18.043590957518962 6.606979039000116 0
17.207311839209787 12.438941412966418 0
5.033212809731051 0.8052638777453414 0
7.57829438302638 9.613907113347942 1
4.111027340908704 9.486140926303472 1
8.828398968401023 14.901509265319765 1
0.11286167363258937 18.312596622612112 0
5.8622020282531935 13.64910889198098 1
0.663849999868027 9.132496683491231 0
4.279916034840148 3.293131489155756 0
3.94856966069159 5.394956270093624 0
16.613764211395768 4.780718756861937 0
7.439903380257247 15.608017090132002 0
16.798100303205437 8.673157480077428 0
19.529200716602272 5.415460054843086 0
6.868753623146022 13.755749193342456 1
18.50703626210016 8.747567617862659 0
8.460783949641515 18.213606818956343 0
3.904979245270981 14.102972411081483 0
6.244724797486891 14.33979454759217 1
13.636372667820638 7.940915580196672 1
17.87235413295552 18.265186097833578 0
10.819564948037891 6.09464224921906 1
8.005855074927723 0.4760952883463143 0
0.30236878314698235 9.949491269536491 0
5.260628322922156 16.400564366762787 0
6.783945528611719 9.414296256878334 1
14.96028908572626 18.23954410361761 0
6.456260728872742 18.061577570998946 0
7.057029593750008 8.38838132882843 1
13.997389386592037 7.865213502534949 1
16.380455368712084 16.493305137745704 0
1.5243709355825108 1.9350936114835227 0
16.336345776522563 7.60057261582499 0
14.855679765325828 7.496629634126122 1
5.102650420287085 15.175204184289672 0
4.892568716183455 2.331938443601149 0
14.85467985946783 10.416219932926765 1
9.324152015579116 12.796350270461957 1
14.190998931546947 14.114230021458622 1
1.9429775495387225 18.216706660013998 0
11.393541609410864 5.454552130070736 1
10.334379907606648 3.4096944172561927 0
15.656396832680677 6.7007765026353505 0
4.7722580982925455 5.798436451800808 0
0.08346394526270506 11.200837289405408 0
7.307288050986395 1.6691924810824288 0
16.102527227587082 15.420768362019622 0
12.640931523114645 0.14897420091652958 0
10.563637444284463 14.323691436745875 1
7.9741224406499995 4.063217094381486 0
18.555870913688707 10.737274267447557 0
16.61321238594605 7.185265886687127 0
1.306635433023584 14.830971841130431 0
1.8683433806031702 15.15576983127971 0
3.1367382119136833 10.363559412024806 0
2.183760079232433 2.14295971495166 0
7.63442971491574 5.448853570017631 1
8.717078109575764 13.250075790093605 1
5.837316862681529 13.736008858085007 1
7.039793991397534 7.438445786970385 1
13.338528381785622 16.916736752123352 0
0.05599850681056395 12.560236346089454 0
14.231420920080907 4.855968735614804 0
8.779095275884002 6.383905750382278 1
6.356332910611561 11.989559527462255 1
6.108925406516141 17.63575500036201 0
4.520487174900943 9.177408102127982 1
13.56620777362312 12.35866102149073 1
8.471690108159596 19.910163613250667 0
5.711904043910103 1.4863616926261902 0
5.4128507785486635 10.568847419413508 1
10.513400394416815 6.85239831449469 1
11.691329895445815 4.5845037172734955 1
16.548409467950908 0.08954065756397567 0
0.18535531615348377 2.4777013450050034 0
1.9617752394489618 12.907460108039917 0
1.64134280555843 16.600507315449516 0
5.251147983137665 13.035737673353589 1
6.735479316665693 2.2379300341730524 0
14.58508984280697 10.298635617986507 1
12.974490222717115 8.684587063201475 1
13.45786911458373 6.448407113222762 1
4.901251429084095 6.885944068598029 1
15.033301940494411 8.422935554579698 1
4.956651875528841 19.250171962629338 0
3.299320812519464 11.169457473397896 0
3.319711716597802 0.6685571065149554 0
0.6355014081973431 9.9415672943383 0
11.088006476854613 0.5494613647030722 0
13.467252803191482 15.15899940474724 0
13.063586589621131 1.061988134150369 0
8.575215193402673 4.062361713834816 0
13.167118178763698 5.0453545128315 1
17.220925229808014 3.9333472443966255 0
10.119137349691607 17.222180845938034 0
8.379221864507587 5.47190118949662 1
19.34387881183324 8.801509758413083 0
12.105921067220098 17.269034359935567 0
11.996506443799099 4.374495426551772 1
3.634798709135141 18.39935145136218 0
14.547721923871544 7.536779344499713 1
14.236082716372547 2.0044725902522953 0
13.145469261053393 5.478996542063436 1
15.116867760881876 15.513577294794468 0
15.036933246146305 16.561357963952027 0
0.4343770267708513 18.537907173804083 0
9.125842154423854 5.268558543277768 1
2.70240916058186 5.222537675636301 0
7.122824029419945 10.961537609018567 1
5.360349929299648 11.65113378741854 1
1.2564996202669598 16.011654841840837 0
8.165410954898212 19.619001623894945 0
18.212151591828164 9.202025660979096 0
3.609386493844391 3.8931361634329242 0
15.47653500667426 19.285512012959682 0
4.463505848696132 8.985209534148112 1
12.00116984497827 12.315684467566747 1
9.457631316429485 1.2773157049155204 0
14.314654605804344 10.438891442143131 1
5.652272352828815 15.27186032337722 0
16.051653278419092 4.556591565031822 0
12.987210143325647 5.881188192638513 1
3.4883116285565086 8.43061567591473 0
1.7658469223389228 0.6112361586736093 0
0.3666787179647457 7.050256809943887 0
17.099339700082542 18.98038393785067 0
14.030621978784499 14.427373833283756 1
9.874119900713294 11.209965396405238 1
17.666909236895133 11.535965106425008 0
6.256637370299451 3.0986348697558674 0
18.17086024724049 18.24157390269482 0
3.947590847600857 4.221089462669587 0
6.247577695850985 3.3313535036345643 0
5.160340562460883 19.81946590553725 0
18.419238519353126 9.511786111002198 0
3.6721262466153237 3.3023434626300596 0
6.593229689642259 8.909595549238581 1
14.91109161930597 6.179540505128747 0
18.018463728745207 14.70887851837122 0
18.826273889750734 16.236850123600163 0
14.587822120601954 8.104503520237788 1
0.003404400150728293 11.151585805353204 0
5.673967095991639 8.2544462560674 1
10.152332924875573 19.61368133859869 0
0.02018557101575391 10.135325708568349 0
15.023035279995472 2.5657742276018203 0
12.007343974669691 9.906246085004849 1
15.126515878326733 14.428299377153028 0
8.395319678221934 11.362407831036359 1
1.2057438843254298 18.567203093854175 0
19.66162434844617 13.663638802093999 0
7.681860041697353 13.019687429474423 1
14.017087297447919 16.600824527130488 0
12.022847343336927 17.732948259206754 0
19.75936739923241 5.1711300258504656 0
0.9854067455568893 10.216762452234908 0
15.112222508658714 8.180297796210317 1
5.384952146143915 4.885930150117637 0
18.37182002788864 5.1202123795344505 0
17.119553525354164 14.447976266654244 0
10.904140253847906 11.775486717182401 1
18.397868581963444 8.461092821065462 0
19.45464537725668 6.525821500279787 0
17.031356661203212 0.6816462075144969 0
5.440080240629013 15.821851031738563 0
3.019365833477019 19.48448966039961 0
6.577383271865209 13.927570235193523 1
12.681607169083966 7.265928543225579 1
13.824594953220108 6.116708474744266 1
8.399584900566131 5.273043875353592 1
0.7512989163624906 12.875097650979338 0
19.49290869476692 16.641834017457864 0
19.160500722721956 15.02485417678059 0
16.75567600622171 10.64417885472283 0
4.114551806052984 2.1873069717545324 0
0.9553771731474803 3.0575394420762048 0
2.5391183614268 8.685535660272446 0
13.100871296683096 0.5336437309629205 0
18.54341827800296 13.285034576882545 0
5.062098779826279 12.39246106220987 1
0.9160576354029115 12.202394981533685 0
6.508859290386171 6.879187152783928 1
1.5120015782196305 9.987378094282075 0
13.329067023640997 9.615149291912834 1
11.31291587190785 1.7149601588102459 0
17.06462054037584 2.346385694343933 0
10.817688903683946 0.39631331333487063 0
18.30325839396769 0.7551148874084701 0
8.996286045916404 10.721124523762615 1
6.31139597357839 6.5614330764079165 1
4.293236096384778 5.104706383764288 0
4.698190526739077 12.328193230756286 1
4.661082381050299 4.899273093810786 0
12.169315585134513 4.0043381502584925 0
5.035187410093258 18.839553034934482 0
6.618950194198998 3.287171115103784 0
18.074110866029237 7.221249685051103 0
0.4543908196719326 19.777922494097727 0
2.7544510287287327 13.753520840573078 0
10.818532641293395 6.443670617510769 1
19.57701624423763 13.636796990636924 0
15.793005706625136 6.740302318929969 0
6.347164272898718 14.27207507808999 1
6.854552325284873 15.959376247355754 0
13.137990830449393 19.76786382531727 0
19.539060177791328 16.90922540911135 0
7.552018677224462 10.802844299631394 1
5.57543754924553 1.5738037654487602 0
0.17069046963698042 16.456828615724646 0
14.878273889694517 4.0105604417144285 0
9.963909773805826 8.644937521723083 1
1.5038510588350973 9.516383582930466 0
7.130020101219654 7.934234080610743 1
15.566579508336751 15.922778479251233 0
12.809379672999054 9.859894004861623 1
0.792040887814236 9.607759522642286 0
14.05732897597076 11.244917072131104 1
4.555758346043756 8.944516638698737 1
8.956368002748805 11.209618691273937 1
4.3437528356693385 0.8095615570174153 0
4.151477907743091 15.615272209475696 0
11.547284143355693 7.436341197005563 1
0.04894174668291784 8.59733550583954 0
6.752654629726697 17.297395808602097 0
14.446952411720112 17.891636453748745 0
11.233159160550425 16.993505331068043 0
15.231355725949287 8.475589796698344 1
18.489048392081184 19.145217737289446 0
5.303500766195395 7.973327866422919 1
5.818370271751991 17.863159077469014 0
3.7113294321238577 9.104405553170036 0
12.92864778335183 13.804505872678693 1
3.7484382733689703 19.827103687013402 0
13.811102281640704 18.20172539147571 0
17.13113883828521 0.7136493865941484 0
13.584593440938217 11.800713964817414 1
17.08013576670873 11.348931496355473 0
3.9638546586268397 11.845021633251282 0
3.274817085965569 17.291160360211002 0
17.711832686355997 12.565955356462801 0
4.8550687166244995 10.647190663161563 1
17.453815530454936 14.37956956151191 0
16.22653940385564 16.609078268302262 0
18.517357924706364 6.299214014910741 0
10.961131288719626 14.048997490236168 1
9.982964137799865 1.1221324190779192 0
6.53142003726358 5.317711148018958 1
18.830336060686143 17.594366229426186 0
2.3452143391472036 6.736507446724755 0
16.543336557504706 10.465149474461771 0
6.463176369447387 1.4140647428603081 0
17.21932390959106 13.650816741664709 0
1.6289599166235824 11.892949863125441 0
2.5014230826336292 12.66510596628928 0
6.397978431672922 16.685833413407074 0
16.64811355612045 17.84850096319883 0
17.625701512765772 18.629647529416474 0
17.245122779592176 10.325293747109392 0
16.00539253260115 15.641802882761448 0
7.228975711240815 0.9597947215504044 0
5.251198402963963 9.058490110193784 1
17.84719645165557 3.7693966357971775 0
16.018691931215734 11.504645024121064 0
1.1617578386049399 5.609804460575873 0
6.317735497655357 4.67330642482203 0
18.98196865626817 5.689090960778643 0
1.5663522148488918 11.57565378369334 0
9.21437169418849 13.936632816628622 1
17.980077990076484 8.392292122056329 0
8.890010197872211 3.6149038817624524 0
2.481959284325439 17.096427707426358 0
14.324255426741841 10.470485355933603 1
3.8417427691906814 13.527913367596005 0
13.20812216505475 11.61819907460307 1
19.70292236775123 9.908233491432416 0
1.96129670347591 14.758113282036835 0
13.920762623041059 3.919139156515714 0
6.134821429117618 3.9399462546406183 0
12.268807500464522 15.936807999652071 0
19.001027327986748 5.258678720434576 0
15.02434048312617 10.501424766421332 1
3.0498452547162302 6.647258903047333 0
8.018190827243853 5.1068589299538285 1
16.025120846267956 4.1105947747159055 0
5.66769760977486 4.010123334703184 0
5.60498112424521 8.90442607078391 1
15.622894345722907 15.839843729722034 0
7.667001165698267 14.465255748478288 1
6.5475472792927825 4.420374978815111 0
8.738525524414564 12.051523263575604 1
5.296543006492335 17.765770142799237 0
9.35477295205125 14.998022507360655 1
19.068669327989078 5.539951116290802 0
17.289110681413575 10.454968068980023 0
16.43927205485572 14.470461265153212 0
11.694832201103596 6.024059611810804 1
5.984186857852382 6.123143813906586 1
18.272624007700525 7.153514021341834 0
10.146987492538331 4.186405789394982 1
12.700505657557247 12.080028740079857 1
8.998703524231097 14.956966712771536 1
2.081208245561972 9.57969780803736 0
16.437222240545637 14.841814275125884 0
5.061878041516065 15.123320973120482 0
14.03269667536486 7.671856283956204 1
17.34685568450712 13.10084112544878 0
10.753845110161627 10.637070434229372 1
3.4963074635563096 16.37597513543468 0
3.858231624820845 17.43178184617744 0
16.789482136337195 12.71674395909615 0
16.644719809620266 11.36978364914807 0
13.11368614037136 5.99288564758377 1
4.461089108481686 6.122878792644951 0
10.437350554717625 16.520007453109315 0
9.123327672604017 15.216534670858104 1
9.511721411060101 7.4798798898379 1
15.834955477979358 8.124412915235993 0
14.350300464047246 11.974267947249697 1
19.5281295356545 13.641605708197728 0
4.73108949542226 10.812408253175985 1
0.789354766965531 11.901942925300693 0
19.540470007459497 14.938065364686334 0
13.510192460855626 13.107881332411125 1
7.544038944716085 8.734731443500435 1
1.2065090421210911 5.004758047607947 0
4.388675920131693 17.47333782892541 0
16.54822205432244 11.627727161517507 0
14.074113374608952 2.245556837362017 0
6.726905782346395 10.97413429125199 1
3.2940855237211575 10.550200912965549 0
2.3321632252122426 18.213990456305467 0
6.406940675458244 18.547162353931782 0
12.847057350277012 4.126279592267316 0
16.309690442561 16.00723383513806 0
2.1838329794277422 2.9109894561296823 0
6.050631182316232 4.605814669829864 0
3.6335611447413196 1.720327132884063 0
7.028427546374867 1.101484153109904 0
19.8164514768561 1.8621193050330986 0
5.888198354600966 17.197888882557734 0
14.217290974454293 3.20967791778636 0
3.5685170639487773 4.536911242988708 0
1.556567006183971 19.44117632142808 0
18.78007562752323 8.134978942646296 0
8.613585752823603 15.296175919649396 1
2.236340268637207 12.397863120433126 0
19.897076173308232 9.866935906981931 0
10.287767030295127 8.811652403129075 1
3.843111947289597 17.618834653358874 0
18.0732803033198 5.147958298116857 0
6.045898391686306 14.749376848907612 0
6.00457161589091 4.82871641748448 0
2.362861077633913 18.74375049125321 0
3.3968419973432162 16.53192285720632 0
4.434513767603705 13.473985135994376 0
13.755477821862934 5.315515498360943 0
2.831256876522361 19.020324632869766 0
15.050992607483924 0.1812721094073133 0
3.3105799785771906 15.567286980188037 0
0.34244076069002816 11.453092216359446 0
17.16752074154784 3.686050532071188 0
0.12086841037214802 2.66834713582238 0
18.53673695481934 1.3902524071483868 0
6.452911136813206 9.964046569235652 1
14.989226776731288 19.44725220793873 0
0.9053976313768941 1.8012551287688217 0
10.023220897623922 15.749969049748236 1
15.64822901078159 0.6140718970843961 0
16.306841066664294 10.888082783869152 0
2.8066115212695064 2.00589464001677 0
13.470988323099348 17.137953594922042 0
2.477285462585055 4.934518024980486 0
16.23860502000806 15.163747502335099 0
0.4633678428772048 5.640187273866415 0
15.539367049117207 2.4499119990622487 0
15.271491045565995 17.877062679563828 0
13.60213223965695 6.86980951098869 1
14.884842588489589 17.951114848404988 0
15.784285219172002 4.183064098443259 0
2.9203497743332485 5.6150865262984855 0
17.451312000052486 11.597034685661395 0
14.705040129405809 19.878370994252613 0
13.195750741968562 13.860841719180053 1
2.535983228004386 14.980784133757496 0
12.975428202071289 2.643782855209975 0
15.566938027886776 4.716040483008648 0
7.809710179083444 19.339307214937385 0
8.679930138889787 6.429256307053482 1
15.639893785317485 18.938788677050454 0
1.0316283973431029 11.311164419121635 0
14.355811949618257 2.1472392941616048 0
6.4983476072860435 1.6642396484137767 0
2.080512593965449 0.305642075741579 0
13.208162121193865 8.101471584247527 1
9.277813761139415 7.319987176334659 1
9.800912095601014 15.16282777947412 1
6.121705001186188 9.912157321917794 1
9.16003775297982 2.59954639005344 0
3.767380286661828 3.3045771390075407 0
4.882183144182051 14.176260869491898 0
11.313316555954128 0.9192576415556486 0
12.867908772144471 17.691348177393383 0
13.474105140771464 12.123035439314801 1
1.8081612491064902 3.185087386184753 0
6.397085057071128 9.737719784908974 1
3.227397064193993 0.5655916112925263 0
7.067393131406867 16.64108157971412 0
8.066007319431051 8.115010142772272 1
12.236921231632369 18.095182816601863 0
3.9198249598595836 11.740366989353825 0
10.653895721454392 2.960889084098184 0
19.681146297587734 3.2031633536050363 0
12.900557586235964 2.2917392658364033 0
4.432742628563346 19.40529431540553 0
11.455172524786562 6.872587458639668 1
6.868260493604623 5.838016794801537 1
13.009006159497343 19.509472540031208 0
12.637864025804909 15.156305941194493 1
7.936292212014521 10.287168621862934 1
12.162177443746527 6.325924454127387 1
17.2890347279734 4.574694315722915 0
4.145549630840559 3.171353668540746 0
18.598415435148194 5.940366100587752 0
1.8637002223643084 14.795946191934428 0
6.7868690133349485 12.144455982016902 1
6.685616977644225 4.064295416645953 0
4.9627750210327815 1.562859651651507 0
14.339878878050785 11.507622580981394 1
19.360304606065927 11.409012667799816 0
15.129487387030363 8.35854302413771 1
16.52326061234779 4.016079260322602 0
6.046837874075215 1.958830617005889 0
16.98268270115762 17.835045961016817 0
15.536503883335516 17.997330803878533 0
9.710128418009221 16.847835631738896 0
19.026918595756463 14.622437432047484 0
19.578900540041648 17.21951893780537 0
8.78159288282016 15.34725833289845 1
16.259549961182806 19.45801993530783 0
13.459194237613442 11.157243256506195 1
7.3732108887650245 16.289579083867505 0
12.248348963797701 0.4344139917480194 0
16.966912391587346 16.100284847440143 0
8.113849277988743 18.142752665691567 0
18.01103054437648 17.826842944511256 0
19.989643192788463 19.985643676924237 0
12.466057014326346 15.018448708775951 1
17.69899293390178 9.879697216212781 0
10.00745065898634 15.84326780890291 1
14.02539804259877 17.783251271163333 0
18.036204798523954 7.624796607545181 0
0.45034181912601223 16.53389116848103 0
18.659231663058016 6.781996988855196 0
0.3586091420733739 15.087406495696412 0
4.00083051627459 3.5380925536500474 0
1.723816688742561 15.982282715433179 0
14.633790783444471 10.237899831018527 1
15.081841003514668 1.172950334706342 0
16.24149766226474 19.54181057660457 0
19.397253931230473 15.3354876350515 0
19.407078335439106 6.389737364281904 0
4.748867944277897 13.405379802201939 0
16.98523471398817 17.274538524788753 0
14.580943866754989 14.062901735122633 0
16.13447771449674 2.676707991239038 0
10.186705393883768 2.0446793752745496 0
5.095551778101477 6.399359110655163 0
7.090593633974775 7.3863754095554786 1
8.837035735651748 14.512460606637012 1
16.520780889568563 17.153536028298095 0
6.058130543102617 0.4626313279745564 0
14.420874307275557 15.445429103684596 0
13.032003468990288 6.202201527789688 1
0.41064032207574597 2.89925548003541 0
3.7755836866838055 1.624183653668212 0
17.27308837840073 19.522616812358947 0
18.521100842209513 0.4395436483825388 0
16.210916821868896 5.462257980710312 0
3.4623821036399227 9.176949503886288 0
9.308298185852987 9.60402503193923 1
17.321165161421934 0.6598941819576698 0
19.433894932984018 17.139811155459512 0
11.888747979909546 2.635790961111315 0
9.35137678208105 12.411414842044204 1
3.6227774909591326 3.7630949064356445 0
16.617048680608455 10.628903992360932 0
16.870377058763363 12.582877775153607 0
5.7842877210428085 4.363730074620462 0
9.467366049412584 7.089621213272979 1
5.396302063243126 13.091963215603526 1
8.110788222944114 15.73514766729577 0
12.852031446628365 13.683278702046188 1
16.922083509541718 2.359963309730826 0
2.3458679759540213 7.957423126828531 0
7.872840066207971 0.3687940169735815 0
14.375242793723224 3.990780407866681 0
8.076704678475702 16.993869332921314 0
18.015893698424968 5.957599542740466 0
15.09421812655577 2.453027539983852 0
5.917220403268941 3.7924278556374835 0
16.44925862842317 18.424849035086222 0
3.2119776559088353 13.138156954676957 0
14.340548222728733 14.10127809262033 1
17.944313389854877 16.677740930167097 0
1.2883418566157245 15.576298928186889 0
17.211551989369717 6.1852181662857415 0
3.4509491649785162 8.929773931720504 0
11.642786463423525 5.726048657322174 1
14.258157545405936 14.103511545019202 1
3.747605235708096 17.936190447997223 0
11.73033991114055 0.5452968733844976 0
10.787652465850417 11.977968819855231 1
11.448775313773748 0.3152683567508152 0
6.381869556611159 11.49579041691073 1
19.86327390524214 12.48501457555342 0
9.051766774236878 0.4835309107187302 0
13.601867690414792 13.681868196635365 1
