7.464567980761401 16.388830129878805 0
13.028049633221856 16.031293531399463 0
18.583348505087802 4.468104086787898 0
4.613577695551778 7.427252291556536 1
4.695305169700075 7.841940060024792 1
9.275482871793805 17.531934328759075 0
7.916157327176769 15.179978317562625 1
8.092529236732789 10.008117121826825 1
9.886091041783288 12.804815549153918 1
10.682581378633405 7.045434729920492 1
2.553837601684521 0.02368727804653581 0
16.084834687553165 3.9545667343151303 0
15.239056360844769 9.561606195275337 1
18.35568850008524 1.5453044591005738 0
13.040797393418424 16.506663161348023 0
19.783463423900017 7.349958942722434 0
1.546124825230395 6.137065258354064 0
16.568115129106648 14.250135074490187 0
8.05506530535858 10.321231535390009 1
12.991933163353613 0.2958999709723864 0
11.692671640978398 10.516490207259263 1
2.336061138771699 9.190757010906626 0
9.034006458073929 4.2979681305141675 1
10.23563800634527 12.976335179681598 1
6.709804244446554 14.749105837979942 1
7.204368671204553 9.190504105096544 1
12.669508922542486 11.38710213038554 1
0.7764812135139287 16.305309938242814 0
1.61325752911617 15.394729816715426 0
3.0174971252115035 15.92510919943695 0
8.803693483140885 5.0787682067148365 1
0.9437129421298285 19.352688415766572 0
10.202377753063418 16.74159629785629 0
10.248556608630917 8.768878223900764 1
17.00727362696194 12.762057158110343 0
8.69320059302543 3.124861640668275 0
1.1455909165120515 8.761905051349235 0
15.872661233840478 15.544548178726425 0
3.3580002108342555 2.4749281513952903 0
2.2153297815803352 19.495466378176914 0
12.473313568535001 17.443548755323345 0
17.116571664606962 13.833813421182919 0
19.27532545233702 2.422553261999174 0
4.434485563254564 18.24520864242377 0
15.703231200321916 3.936635479785957 0
5.7249831705817344 7.2453085226469405 1
12.677303945405027 8.471453909016091 1
16.877297636268704 18.739148372682862 0
1.8442515059989995 11.966970813341213 0
14.202692482719918 16.613250194455233 0
13.578597163931466 0.8797904686451918 0
3.3731180859054533 7.338975996397357 0
15.819704670263949 13.920365413783278 0
18.228857072297245 11.226529051341423 0
0.7700686727836059 17.2469163843887 0
9.52025319583907 13.275456287792771 1
17.307088052104945 13.469794834167878 0
8.904189734126096 8.296976302252705 1
3.7027784775381667 4.270800714377396 0
12.95704916538722 17.066769831484446 0
13.47258543711375 7.498672947615976 1
4.997917327071439 8.431938812182512 1
19.944721135490482 7.713014899545616 0
9.043561929556356 7.572058044250387 1
2.241375233720786 18.551918268070253 0
15.17265052476339 7.131565418200855 1
5.068393067921342 19.70709915597993 0
16.57779312185257 19.047767034408764 0
8.834584338161346 14.360169113283217 1
17.982495218184432 15.564027557785241 0
9.204254057203912 7.691482497119637 1
1.7755254924545727 19.950022673528863 0
9.293243222890988 14.275466816703444 1
0.23191274838844977 14.678778546038894 0
0.6099647957201171 3.70364315938265 0
12.962311243017592 14.342567911421613 1
12.160992276271855 18.39872161350539 0
2.798807547320854 7.425706685682161 0
14.842913829190682 0.5777304067874733 0
15.916745226547677 13.064939553834613 0
1.9514571629254296 4.8333751872379915 0
18.696445009299804 14.47466422688668 0
5.424548991763112 18.741870049587273 0
17.35114202725516 15.778560686383988 0
5.0274051501267465 8.13711278820195 1
6.995681304575467 6.811051562886814 1
10.55066801775095 1.3562645513292204 0
6.530789605749742 0.8572407391108472 0
4.80491332493383 1.2477958816753265 0
16.603652627428644 16.702839059957 0
5.802642250233346 18.89742757585691 0
10.22105294459988 7.436970149048618 1
8.2070956560392 4.673775209206903 1
6.913093026574071 10.656335684774676 1
12.296602784760484 13.593881597826975 1
16.28093824709091 1.3634904251443958 0
1.4629876290211952 15.79120542695575 0
8.100524929813094 19.452399041730427 0
3.766712532844132 15.411857389361368 0
4.77173634332293 6.532128092702923 0
8.60943699496411 6.839266411507239 1
0.6592187487640033 14.40649839900459 0
4.56879398653153 14.196246166018662 0
11.951866140306837 3.8093566423487313 0
11.103743251753071 14.49901245700648 1
6.221367641713953 18.971289133323378 0
10.140864527101254 5.556478887810188 1
3.070579236213802 19.422548768824637 0
16.51039016202666 6.380548636795953 0
1.8998181213069376 1.7788447383154105 0
7.721225255557746 8.22264040482986 1
11.01729698858116 1.2484527361408748 0
9.925186719424966 4.309111551042523 1
6.172682884246894 14.573463294763979 1
12.72852609738547 5.193480679701896 1
7.565440653924533 3.9555185943772253 0
14.044791669467923 1.5328867859728112 0
13.012525503833261 3.7758802332720354 0
1.2642806636160442 3.364303259362469 0
10.31353228735059 10.068151435106962 1
4.146264565580527 14.71252363847973 0
10.689058622737225 10.568165383624919 1
1.594148067222021 3.3446791859463754 0
0.20346958625443223 16.200429750832722 0
10.424104029212105 12.262282578122129 1
2.4177868607140485 10.700442061168342 0
14.811998911250377 0.9903537334145995 0
19.155221939956554 7.7446322216593515 0
1.1291190052400557 18.407903331402352 0
18.126657151597808 19.387521660520683 0
15.219895422266243 13.218380823303281 0
9.924001217145832 6.593840815586567 1
10.53529948034887 12.093099729271062 1
16.380771656915027 5.646398262948569 0
12.04757055750573 13.598511895907626 1
7.042893141692543 4.2326539634884375 0
15.944778686693361 7.176572642267147 0
6.459028325349507 17.72532028007187 0
9.682753695992115 8.855453020016885 1
15.705467886738148 8.67188638286686 1
17.09360151607087 15.146826368067627 0
1.8177031655757903 4.7082110940196165 0
7.766857452920934 7.6248365465412915 1
5.810512521717834 18.418933766322308 0
6.8857249182170115 10.043022863361932 1
16.304692949636518 0.6081248640101267 0
14.312144342392605 11.33310743298155 1
5.821945514740625 12.122657548065733 1
9.37296165190271 9.496808488272734 1
5.400401835162045 3.631660432970931 0
6.301060822657634 13.083360187288765 1
14.34183523363969 19.44793782936033 0
5.822503618232249 6.2342065090158165 1
0.15294778885856175 11.855260833226042 0
7.689957328579098 7.360141132467275 1
10.69420811719411 17.51897131576217 0
19.332072947472003 0.6431260684071027 0
12.207721653201935 8.311285446444252 1
19.131807797024877 14.527111424523431 0
18.999173869267697 10.405470682341775 0
17.169894711549002 11.124439019666177 0
15.143346499262707 1.981368356640285 0
1.8575390667415603 15.802977273637083 0
19.54567282106019 3.6425617196290494 0
9.573891501540466 17.191339983743713 0
16.49604239870015 11.985808107602583 0
6.053498020510444 1.769277817266841 0
3.6707197364496835 8.041045545242607 0
8.027760873384526 15.86119374993212 0
18.312216762463503 9.295162740737252 0
0.4551561163275575 11.5074845997634 0
11.916531622604687 4.962108884326774 1
15.28846987560561 0.36390589801301276 0
0.34576054288741886 18.456045861185594 0
5.4956767412975545 7.703159321742428 1
6.590276251702152 4.229513493510401 0
4.077158095168025 9.309827475279723 1
6.430582219549912 11.497554652433003 1
17.5535993985053 16.833573825746996 0
11.746223414923506 13.56441197576527 1
1.857875076648119 1.2674365330332327 0
13.563682417162493 16.361437555770486 0
4.17717316009667 12.104346229824149 0
10.497458620015665 13.907324431509982 1
13.903940110462843 11.14459743285713 1
19.29228725842441 11.531607419451067 0
5.977631489871684 0.7009668355671872 0
0.06436352385345678 17.38270878253682 0
19.444947485595446 12.017482219484881 0
12.470800956586348 6.613758543679699 1
5.274967554084911 13.26788958470951 1
1.0830047232058782 2.267491681979863 0
10.891607872351521 18.545315590962808 0
6.254996353697299 8.272738411105035 1
14.870271947263003 1.54464231661948 0
17.31084940449585 12.404957516933406 0
7.806971452288353 14.12182025808174 1
14.926298570485395 6.969130141417805 1
19.727679393303593 4.461030133921165 0
18.291087072539412 19.5684033426017 0
10.948504631791472 10.29183334060762 1
13.36725864260491 1.077579747841293 0
10.18003098231637 13.672211056468043 1
4.402662257589361 18.52794766350485 0
7.014337266789433 15.318566711021273 0
4.597821704418146 4.336949039071991 0
3.3828749832079597 13.789186001635924 0
15.926719339967049 13.33790073451975 0
12.315755569120327 10.2929733640135 1
11.088749298763979 18.747579972860933 0
15.41024829313875 1.2616614220060707 0
12.066588607798238 18.315569704068444 0
19.39964510184681 17.07149418869108 0
12.77205550253135 7.758886296596725 1
3.6025106062589085 10.834200857708359 0
15.380634446422574 17.22866147748167 0
16.637765887701374 8.858807052996099 0
8.871741333959196 16.08572861199579 0
10.888378656293307 19.86398328567803 0
6.083963843996523 3.228072808342939 0
13.320859495514089 1.193295092163713 0
19.996009264636744 18.115269826005637 0
8.493229455342004 14.320168581087474 1
0.5072088957859777 16.983806921462925 0
12.321882006581193 1.2016069659086859 0
13.10195043718651 17.87340492686856 0
14.075689726128665 3.105059313747842 0
15.220432204625183 8.1706927622377 1
14.621479958536547 13.848262832014662 0
15.309063566711947 16.503158335782583 0
13.761055139746084 18.095604275145373 0
16.188680600151866 7.072750970858448 0
15.79231116964193 16.141570640511667 0
18.626696776595267 9.659506675997097 0
4.928831134881708 12.424119004324275 1
7.182098733440205 0.9898173929387677 0
6.2422423688198485 17.747175595725157 0
5.130498621701005 14.095854602208133 0
6.964579922753346 15.63472100512259 0
8.929294625431474 5.102480237552276 1
2.5260718282112715 10.566176150927738 0
1.8705840075697089 7.844734993108926 0
19.44810408075127 10.158429716929936 0
4.515517020096935 13.274497304629113 0
19.765366764947323 10.473925544946912 0
4.526089012587211 6.061420381959324 0
12.70742980739688 3.4522744720677823 0
17.765765073183847 2.016263294575249 0
6.365060483459846 8.367335392160985 1
15.16723279403724 15.059568611677348 0
11.974617960853056 2.20885850010454 0
2.796935840432093 0.47376860262335896 0
10.474712993164486 4.629312550392655 1
11.489082826767216 0.049797796933406246 0
16.96776018778213 15.969332657693805 0
9.385862438186427 4.6814948434430175 1
12.610334419726705 19.29001546634911 0
13.12370167487183 1.896499476307849 0
8.41531357411964 17.86680109443859 0
8.327353524230986 11.785391990683078 1
19.487311020334037 9.170565775090587 0
2.343150812767545 7.317170519048714 0
5.757339598723037 16.755017332817246 0
12.624780827214611 1.023246342573494 0
8.45485112065431 16.74823411427914 0
11.7762854224987 6.642932220727939 1
19.84389869795033 2.0334060355539885 0
18.144494240989854 4.400361708503587 0
2.3773446931863385 13.173083010152828 0
16.955920485417415 9.936330967162712 0
12.36947986367996 4.337969852419592 0
8.265863774208066 0.5084886608295913 0
11.534378158943635 2.6804962849975777 0
19.97447269896944 17.22654986992226 0
5.175258411369912 7.425351999202818 1
18.412225696114625 5.314222683017937 0
11.526927766150637 3.9098600895320623 0
6.520062503861482 18.35507866415422 0
3.908155025016935 7.619699258961992 0
7.419917378705003 8.294966440875392 1
1.7758023640370069 13.16746348814912 0
5.719211651912075 18.10898617978499 0
6.839638962229402 16.4722050193624 0
13.382577565142517 19.588052898358388 0
17.348567154133598 4.266863521606354 0
8.608333762483781 15.193349324234797 1
11.55950763683637 15.69169314913478 1
15.732805041756654 12.976046298883492 0
7.836848089307473 3.468311095846759 0
14.526259149692338 16.814792796323374 0
10.635844726812351 0.613435816352994 0
1.5483596321803694 5.244192221817872 0
18.557636743192 4.509075112149525 0
0.5188398420616402 9.887773063843216 0
8.843486584350341 8.89435386128784 1
13.261105499168819 4.048492382733874 0
14.242716256038735 15.76458596347864 0
1.9841180656591773 0.9297364970376742 0
16.407904092034066 1.7510671001428602 0
16.251830825169954 17.486585536082476 0
12.148509067070243 6.260462539075871 1
12.790539504144647 2.1525558519316967 0
8.28848002619977 5.409261214891941 1
1.676908179604879 15.786392298543939 0
8.076791512495928 0.08696176952274648 0
6.909488791124733 4.505422951785187 0
11.131808153602826 3.0821315626346935 0
8.277424783938143 11.475317683495343 1
2.0813558735781923 1.1821740729243624 0
16.730538890275863 4.257561301014539 0
12.73271782998075 15.235107005937286 1
13.04826936786293 7.6651595239938235 1
11.377680857482277 0.15869787167876348 0
9.516776513116989 12.499069372845415 1
7.569484598888405 9.27295600784072 1
15.190467182566652 14.610019118494462 0
3.708462154613148 0.9492498281390827 0
3.2212722098611346 1.709791346761791 0
19.323691500174533 0.056782001999970966 0
8.85923186940844 1.4653626522728747 0
5.024459275443234 10.1571739757982 1
10.336669408563635 4.83280218646337 1
5.381092792357867 11.422115171583542 1
18.932665461496633 1.4387318384832004 0
12.751800918575327 7.585088962722195 1
19.92050340512939 14.051000712074824 0
16.936984389847527 18.583820754638666 0
3.3914416758489807 16.92033047827851 0
10.892307132029636 7.985453847222859 1
9.34615187419489 13.697906242454644 1
19.65676211034397 16.452102450292692 0
2.878171470796962 13.00076840983505 0
12.06232201873803 11.544009541924126 1
0.9514245581767389 2.2048253809526086 0
9.693870050794054 4.498987549348543 1
8.194306407085106 5.169361686844192 1
10.998990976550742 12.809516834759712 1
9.713480950953057 5.1635370630996675 1
11.285206984787271 4.82597934808672 1
1.8282881424249764 5.587651683445181 0
18.478887712316194 16.62177791630584 0
13.759796630194124 1.410438195090502 0
14.38069309883464 15.889180062157537 0
14.221409722829685 0.5787932655021111 0
0.04863981663551398 7.734666435677586 0
6.644845809443527 0.3177826175935361 0
15.456711674958871 5.420676782515345 0
1.9332839013848102 11.566343092714234 0
16.310501858581297 12.54647250491857 0
17.152126294676698 14.579218354215639 0
7.2909289829257435 13.975108700433799 1
7.011728248478317 10.133240261550773 1
4.99532205920077 9.356213899486455 1
7.266969464546163 9.85350137569185 1
8.891619098733868 1.6622144042435227 0
17.129024955538192 4.944195909952008 0
6.337853250505225 16.28636071650971 0
11.812392698547786 1.6203889877346622 0
11.034155856937161 6.2656304564504905 1
8.036959929630182 1.5475503656846157 0
2.9913963334552207 7.0936564698790505 0
0.7631639240531229 17.390556912403202 0
5.002360714151934 18.186329834411644 0
3.9879068187776556 13.924071710107262 0
8.437258613305357 13.30112188543838 1
2.384253501428948 2.5542362849941513 0
9.157025668782499 0.6557178417949383 0
11.11702624099924 4.758418116540605 1
17.310325626370723 15.469207159542531 0
9.881130101126294 4.825411283180536 1
3.1279047634671264 4.410516769878994 0
3.993599675258177 13.943420360503119 0
15.625317485036657 11.295293119924871 1
4.565523720337998 6.384458642705429 0
6.336097450987641 10.552827108418615 1
3.4049796007578426 15.0980044596323 0
3.336342869924851 6.519822635530583 0
10.235962365357361 15.022949239765705 1
5.223138978620545 14.475108074114392 0
13.120201687424384 12.561109505447218 1
9.850694570642686 19.34460435819203 0
15.029357663996699 16.11890752516831 0
6.884886623957842 9.855761394265443 1
16.653864855072232 16.24376150037249 0
19.504314115759797 19.76021439396112 0
4.56084872893499 10.374192873494119 1
16.48415118809386 14.411217292688479 0
3.490135710713975 14.677955912231566 0
18.474271830493855 11.438204964456489 0
12.503954163368697 17.96508701909521 0
6.535352092523786 9.33168759022763 1
10.115488676405565 10.953338546387458 1
6.047793922113314 3.7764625409485375 0
2.2526857724879967 19.795315935617985 0
5.650800082146892 0.9718276279950233 0
13.878896352237113 16.032762803016066 0
8.840825873802745 19.630774112014613 0
3.17210453983396 14.846802789916232 0
6.067037737173315 8.390006369844647 1
1.166986517901587 7.979713370120365 0
5.975447085415597 0.5821303920042586 0
1.9145821542630115 19.43175438511347 0
12.796793337014131 12.287414350729648 1
13.272751859412617 12.391981763043471 1
11.409681134882717 5.657047605547536 1
0.5895494547475022 6.876215164126238 0
8.779069450478367 15.996027312687346 0
3.1516908263241983 19.293077527901158 0
13.853933900416461 4.844047296568301 0
4.016858054695971 11.984465634619745 0
4.612426431990406 13.269772016876612 0
0.4175085186863292 17.691569027676362 0
14.968539824546909 4.212060988403657 0
6.578956685008168 6.8593094158760515 1
17.473051056052732 11.7871035837746 0
11.449358505588132 13.202024865999658 1
16.526304273098397 15.397959348324623 0
4.013357243120154 11.505002567199881 0
3.7676029417569112 6.97630252328185 0
8.44426751597322 10.96227635945954 1
10.743741196801608 10.943861508838015 1
16.08999602144248 14.10228834537029 0
16.595835711039378 16.090680056456076 0
7.76962561340981 3.7167627296200867 0
7.625127323193038 15.334975662430171 1
5.410657489134236 4.602471174010347 0
11.602510320040306 5.572664195240047 1
4.953572546140464 17.228379911208172 0
18.757403392021608 17.14570770819934 0
18.365389858675783 16.338389473112866 0
1.8468045157566837 4.548320443798913 0
18.984451531402293 5.440346163574443 0
3.358193760247994 10.499943834808592 0
18.761717224630008 11.824312212791119 0
13.954672615685846 19.429959161698026 0
15.21682225480016 8.938823104607902 1
19.923073251812312 13.777521153473488 0
2.5231773459018547 16.180400286982703 0
14.136043964451739 6.2224093865641255 1
18.975796644617795 14.562276721426052 0
7.149278965391916 11.39989862045756 1
19.61328078527032 17.434013375319644 0
14.770794664827246 12.014888542650294 1
4.99977385248755 14.870405060082755 0
2.558051163754451 17.87923451594218 0
14.390390391850998 14.542263677954587 0
16.986098493933085 2.5366051313405458 0
19.01208353293148 8.752133714060268 0
9.238820187541947 9.237729046931705 1
16.324392376812987 1.4257997238262887 0
0.35353474212598046 14.202385797893902 0
19.70644125180084 10.696582527370262 0
2.7100457957344193 19.540942090285597 0
4.690150508729783 0.8754574187798303 0
17.90923744329065 14.9004954163069 0
12.60575734538502 8.0974958660113 1
18.64572436538989 13.257430934478434 0
8.483940348082253 19.626414392969906 0
17.766225249871894 15.254663244549269 0
5.436163548377779 17.881626269995976 0
13.324993650629844 14.336429124171222 1
13.662598520896935 5.286630285940399 1
8.150581708593753 1.7799946870598338 0
15.805177857182827 1.752221172111883 0
13.899595486570039 2.8470665893316505 0
8.924403102008254 10.075397915043782 1
16.050302281431193 1.648818230895197 0
15.028723588046727 10.365264096963102 1
19.99796090812439 16.352608424905124 0
5.490389587702385 15.53916986630506 0
12.456796499239617 5.129542407517249 1
19.77805967279917 11.819373112397415 0
13.695902674682223 7.5647676817400145 1
19.21053620184695 10.079873600459432 0
16.06463511699686 0.9469384744678755 0
11.285815232664575 14.010136747545792 1
16.3926001573981 4.549655972120559 0
13.313486526589166 11.9916604511949 1
3.7051406400626385 4.946441610068765 0
4.144748237205089 16.218659861118628 0
12.109651748085238 5.588732785622326 1
5.3638237365367925 0.12149382465816094 0
18.86226110769552 8.11695309231035 0
2.745012699040952 17.694380849146192 0
12.73752943690594 6.782690080122782 1
2.845230948782531 5.73277953093859 0
5.170646111496793 16.611845694167343 0
19.14173245557092 8.348246439684432 0
8.45327082539383 5.323353167556755 1
8.781681552298737 5.7330110580254345 1
7.070528776123499 11.635740533795339 1
6.474453591127663 15.083916324478023 0
3.2351511113232645 5.010603437056156 0
15.788554548296696 18.418353103645593 0
0.7156956378743029 17.619364433832466 0
16.164279232817307 13.425000724333852 0
9.70786067082468 12.315842314456098 1
8.313533911549628 9.334222276128923 1
10.75374819036632 6.695563800468078 1
6.958226028399359 3.890731169605681 0
10.559802317213977 0.2910394382601522 0
3.2737470821752868 11.969677487843885 0
17.771443029639876 2.281017495328055 0
16.155828204197068 6.4494165067158065 0
1.6511011893010474 15.29790598791851 0
8.147071282143 5.100508659541346 1
0.28081269298767975 17.427746844664483 0
5.241873422450835 18.59536282658907 0
12.694562800730303 16.57135892514941 0
12.311017241225732 9.009162256467004 1
16.78182231443476 5.605243086507244 0
0.6328605861885928 1.6170323727723934 0
9.021632659819455 11.300418465513978 1
12.24306242010096 18.32827416732735 0
13.51538883844604 17.932324576763914 0
14.906230445671294 0.8184312064668275 0
9.564032500769128 11.30985376353445 1
3.2342212936723658 18.546287873235393 0
19.31852554304918 19.67432692991631 0
3.0103522612284994 17.597255937995897 0
17.096569199558086 4.820122249416343 0
16.740129949852324 16.795301896449345 0
4.934595209688622 2.192410009501209 0
1.2291069059540383 2.0072526275062597 0
5.490486446216456 17.332906860565455 0
7.118931917422133 14.284396357024677 1
12.940155878396741 15.017780339750242 1
0.4920591942157726 5.639545417918588 0
8.345480694484547 18.40110250266971 0
13.58132451916241 9.28963256263508 1
6.941679093658331 16.04642690667261 0
12.06341184030702 0.3126048353432087 0
1.3062195579933378 2.5866075620307893 0
9.354186643498753 8.822870874020968 1
16.69435534735918 15.235724088739405 0
19.4527535812116 16.02146906657473 0
11.033378902356654 14.349505262373143 1
5.270581818733375 12.774324309885582 1
10.35768015168146 2.582311507528756 0
17.429716702574606 18.082929774370488 0
15.42137322515569 2.8124785388300633 0
19.9837597199363 2.125753923884972 0
3.983770842553118 12.641105738963713 0
13.482381854951914 12.519892316043286 1
12.833145760593519 11.328100294474346 1
6.020188825197417 2.3852632697850673 0
13.099656217569905 10.51176991823634 1
12.85926682091639 4.188970296950312 0
17.52723041404684 16.4197599244994 0
10.348234071260434 18.51716789037388 0
2.3386337619334285 17.72291384877963 0
3.4328081933282895 15.371452376347802 0
14.39688272025692 14.382183736794456 0
17.193168827188988 3.5311605011489977 0
4.519379184582291 19.350515706325705 0
6.838546342831897 15.564088422799536 0
1.6874341043345997 14.904531912127705 0
10.778208306039971 8.446146258263369 1
17.56071984541675 3.9155212881638124 0
16.344508327969404 10.379430307062057 0
15.955680191635636 1.117177796165083 0
5.384885952046994 12.895424134316526 1
9.197101492304364 10.092372016841281 1
3.6308513599115777 6.61331904096409 0
8.94516681006955 2.085016475966066 0
3.1294030268728834 13.498864392404705 0
7.85277595455979 18.570916489473873 0
17.69380714509937 4.9973180648808295 0
16.67741921856575 13.541149908490448 0
15.176921499072577 3.009243082947175 0
18.451541295462594 4.031351048492004 0
16.004646803416694 2.267447708791197 0
14.717465563529228 15.270020933710356 0
9.645081037644292 19.35233029659953 0
8.761840922553652 4.530124657910893 1
1.0595993001007487 10.417433037947227 0
3.959376862238968 18.304934521569038 0
13.59334166545997 15.396855370172322 0
17.99779955895569 3.2401515482925514 0
4.242226610524861 3.6187050450297242 0
13.669683419319608 13.074268342378945 1
1.1862457607341015 14.232665360491662 0
19.32802730140888 12.367154100498471 0
14.614279949103066 18.842399331659795 0
10.252311434710851 19.085742802233437 0
19.616175558461343 0.3490501479102326 0
0.18088995102554017 16.470875500491424 0
17.41014086035025 3.1659508685520676 0
6.946733674738641 4.662564078692554 0
19.23990893012059 18.388237689285248 0
2.2090491854365335 1.0887109735804623 0
5.4481085763199655 19.805778978432485 0
8.980295329772856 18.407451179520603 0
6.275186978337639 3.5656342123729856 0
8.609895584277174 18.529133621119918 0
17.246379610546587 6.949265786753839 0
5.574978506380599 18.186452342760404 0
19.127433842335158 8.271219661723489 0
10.899742061508764 14.130989594553213 1
15.2658817889436 19.611949483903096 0
8.460908013209774 13.120983148838407 1
14.49974585890226 8.337945722299091 1
11.439201296693879 4.04310330670548 0
2.595179211849006 0.9169973935908105 0
11.49365396346401 0.398011484007712 0
12.960041269041122 0.7003746998945792 0
8.322881019192359 17.534795315828177 0
13.47276345092786 0.3441667361854739 0
2.449437079662693 1.9469672225411117 0
4.121872552136489 0.6201759306459831 0
5.37933612431752 9.374693827506169 1
15.687968274468957 11.753839608956353 1
13.19753215649416 3.3025282724524385 0
5.595777822430623 18.89350828832506 0
4.197535298028294 3.7319396717047804 0
18.210557501915787 14.348266447457048 0
3.089250715912033 5.30985717172797 0
17.110695259638128 15.129097238378408 0
0.25549117376117536 2.3021205099457864 0
6.5664231533887785 2.4512983385125264 0
2.0764714166187215 16.36371280588343 0
9.685194409440513 8.899178146683989 1
5.674948696130835 17.928111662148684 0
2.233174453843998 2.983246294578139 0
12.635792376738364 14.167659821472958 1
11.65565196551915 2.5689344869493524 0
7.335262955651494 12.418445034850372 1
3.921625099806776 15.474795183862389 0
14.458653045875314 2.881338080611906 0
15.112184459103265 4.191390861374211 0
6.891865210914263 11.858486227358751 1
4.76734283342549 3.8778830926983487 0
16.95999206577413 0.7711910686211199 0
7.400438022789779 18.600438690575466 0
18.809358727438806 18.361275746884644 0
1.2220552305892762 12.560308060659299 0
6.403084487114765 10.733282426196698 1
15.377725382135818 0.663520232017798 0
12.505851925780604 9.56346569135155 1
15.4483420458183 14.722880623271186 0
1.0824744236002792 8.914641975713645 0
18.076571151151377 19.659502066051243 0
0.6218897248670952 15.416426329558139 0
4.263886762787958 7.440139869580628 0
5.744587054047403 13.74315696604506 1
9.40215403166012 13.59883462298865 1
17.71770988762704 19.142670813802255 0
6.593923798070563 19.5945892505953 0
19.552296208435273 10.546358749829777 0
3.3843171998321786 2.905212747162953 0
19.038115976123407 1.7732376074949108 0
15.711221864527909 9.519443870020773 1
17.91454220355473 8.529470623933387 0
6.717743205698252 9.844850983978295 1
7.861205589879887 4.133930619210149 0
4.258734138078575 2.1222693646805046 0
4.922991750311407 18.415600877183888 0
3.089452241537276 19.01500246879022 0
13.158412513406807 16.48131667073113 0
17.29555982765352 14.519570964165563 0
4.65067538306462 8.715094095854202 1
6.772075453201034 1.1376773450990063 0
13.924100982213695 10.755242879258322 1
18.633721902237717 14.519957439522038 0
8.3283453544904 3.8283924389066026 0
6.118053014183773 0.9458359130292093 0
4.487767980726394 15.73030227172352 0
13.96454482472686 5.776423659089904 1
19.21142811400051 13.937768539584548 0
7.267206189202355 12.749097735603991 1
6.173792431439066 6.7162599045181075 1
8.531140949247536 18.24660674502259 0
8.856794020670497 14.972004458576137 1
14.525845814717421 6.406643708080639 1
16.719309895411193 0.6041816092476249 0
9.55239137333832 9.598561189157662 1
13.275371551212507 14.724992028047259 1
14.27271191602725 13.599868513206685 1
7.332101018274875 12.305847446987936 1
11.245840115179426 18.151726401392644 0
10.874834373280478 5.590782969597081 1
16.489453016114446 2.32141047576758 0
14.169206399042888 2.4234974796927045 0
11.286055446538196 2.432608110886265 0
0.7626851816593572 16.852834997605626 0
4.081048737586768 3.9225105847292685 0
12.484966526275505 14.370407847837503 1
3.6343457773868093 17.071619859055595 0
13.143817080253179 9.782592582685613 1
19.22838484457013 12.680416270842581 0
2.39082076141659 6.287185580363353 0
8.781967823194496 13.368174325240288 1
7.507510372086859 0.6059674520541303 0
19.345776389984326 4.911037710486081 0
16.88212065195945 3.31094208381415 0
14.82244179110975 0.35707808066572033 0
17.725646755233207 8.301111148377448 0
0.06141064992339462 15.07538902075751 0
9.070339627838885 18.903442108454144 0
19.007576204466808 7.333745279298933 0
10.328948869124396 15.898891416277493 1
17.510143640925843 5.191454631005634 0
1.8827832841788594 3.868241377293513 0
3.762466688326347 10.610423555595538 0
12.542484584272245 17.586375253017067 0
3.52201165352358 16.066510951587368 0
6.516489690444185 18.472742794707507 0
5.6948383692208715 3.1109119481349756 0
10.063361052710473 19.92138751601263 0
12.257669986730297 6.591654857354281 1
2.3120108955860452 0.7530352144463626 0
3.7238356393434136 17.279003117644073 0
18.512284223747937 19.823236443181578 0
11.419151006964443 4.635247514009815 1
9.739361821421127 15.08782902401248 1
5.385372508814452 17.900977689097065 0
2.687909957640948 2.5362661590268876 0
3.1090316642295335 18.619529681650327 0
14.622405854390765 2.2307167789473215 0
12.01397068817813 17.755107980400332 0
10.634514616875174 4.234964786519657 1
2.6181426090828053 8.833377846935273 0
6.151201674324498 0.6614795480723923 0
18.770818257646145 17.45887883499194 0
7.489977650875533 10.71761012217392 1
13.808399865225535 4.564260607238881 0
4.373556258881049 7.94280406733388 1
11.292332404108091 11.175018452298758 1
13.913713081306714 9.351074179585995 1
19.644805802464628 16.88775926226036 0
15.006196236715981 17.026996904523273 0
5.423582176100961 15.081812844512836 0
12.235728760364623 11.102451692797855 1
9.911033933286589 6.040473700759255 1
18.69558825316664 1.6974880086955468 0
2.8077875060986024 2.773499475560539 0
12.064859148752694 12.097530538321541 1
8.767565903154084 6.394994895838087 1
17.837127768955252 17.303416420926673 0
11.625416161525909 2.206544977217819 0
19.162216332818222 5.8650289623528495 0
14.385339398827746 3.0665709957700615 0
0.9616019546179899 11.696340040371219 0
14.861536262265492 6.362543144122348 0
9.29812997022172 8.31785790368432 1
18.968838758856677 11.964184965154985 0
10.88347251035027 0.6086338200327868 0
2.256455388792129 18.19454726439517 0
13.133592629943609 0.6731500945691504 0
7.348662758461666 16.05170852292684 0
8.973722236936073 17.106053967384373 0
17.724374631318874 9.691232988407767 0
5.524477290380084 7.705601193730642 1
10.520286044197793 13.585377588589981 1
0.19462501995079595 13.901681401285426 0
15.00443104082149 8.335826581615379 1
8.839278663345224 2.37919517260639 0
0.8703897890360945 5.990558458667518 0
6.673139717605285 5.832761801522004 1
14.846054112885243 2.1012769332231285 0
12.50836203010627 8.080075764757543 1
5.87101035530516 10.151512024181283 1
10.83835201996525 14.224653152273817 1
3.9961668914803217 1.399139475121065 0
10.944908057729602 18.964831870604986 0
19.221355809678602 10.784747494654304 0
12.14821334484884 10.31661111734675 1
14.529445753319653 10.520934626773126 1
13.235125052434466 17.720260557656506 0
12.755523552196546 17.844944258980693 0
15.818935346495273 5.1680780989906205 0
9.389378984270975 6.722035435662463 1
8.119549377274971 10.500246619762661 1
2.7650778999816983 18.43285900916609 0
5.52551164681115 9.63773589851657 1
13.27168283724911 17.636913434685674 0
6.762689274544014 7.637104823060577 1
6.949239899590312 12.705238902515415 1
17.18648740837547 2.377750021057745 0
17.037615423148708 3.399071712538666 0
11.790088791307644 3.8572118853169357 0
10.729132683585688 10.148568639988282 1
0.7810174081219179 15.896961305206656 0
3.8047524245670994 10.47120487362882 0
16.990787554217746 12.064957861023167 0
18.71523093414794 9.592695576930467 0
6.937270506624009 16.116049603962466 0
19.20476923878684 7.58102391361324 0
5.304660662384489 6.9507467760312425 1
3.6812686516391135 5.520588541959743 0
10.185403428023552 11.800348468816074 1
5.903904865800924 15.499299458216846 0
0.6854234821734595 6.236995821327156 0
13.097553529031602 5.419139489422573 1
16.055521280436054 4.667488673225646 0
18.459107085004472 18.782105300707627 0
15.854211285578348 13.269769539451959 0
12.13944506237549 16.1819463005861 0
9.362055548628717 10.304033262234267 1
13.08068601183245 2.0660220649467687 0
5.229776885621971 11.206319638298027 1
6.599146142680827 5.470165518555497 1
19.24189702163209 2.40295366181027 0
5.149422572786799 5.165434653582819 0
12.305712170655896 16.061481592583412 0
17.132647295634168 6.493642577642225 0
8.652721235906615 0.3519576519701162 0
3.285961242973674 13.26452971884699 0
1.0072926261268411 13.422094331315538 0
12.95003992972932 15.273600808609471 0
17.802552327837017 9.190385298019875 0
11.507035510864894 18.146232282841183 0
15.269530532489988 4.572443392209607 0
1.516179410038847 14.033932637431386 0
9.602448161056081 7.880942684587941 1
12.28698136959743 5.740891806009869 1
3.4341967544058294 13.742121665708023 0
18.203422153077334 8.975612610525204 0
13.35404971451603 14.468961360414614 1
0.30283268720125767 14.688017661115849 0
15.050414750458527 7.170007917193093 1
6.81994329062481 8.493757898971907 1
8.965463076755164 6.098220498136868 1
9.292276410401172 17.622621773127968 0
9.455504147486362 2.9079461736480616 0
5.835026666542222 11.143884599830361 1
15.79436331563204 3.154544077188284 0
11.720918150964174 12.44668795709812 1
18.893844543673016 15.584432916184623 0
15.464901610979979 4.522056555934723 0
19.888943127256624 8.676197640633191 0
7.908442890669745 17.80035395003072 0
5.239144078803674 3.383117770115498 0
2.038460133485105 8.744856210830443 0
6.176524051701362 0.4313773472427007 0
14.808821080378586 16.537232951707928 0
13.423079248742704 2.41060285800641 0
5.832564345129301 18.617178289982792 0
16.638243495750697 13.39243868232765 0
0.1353553298264587 14.016462258261678 0
6.267930880614867 4.416312880453077 0
12.411383211894742 12.08317437465139 1
10.370802597330622 3.562894467300004 0
13.340082767978869 3.479906730385849 0
14.975120369766636 8.073732524935194 1
10.497816717823545 6.099843807919985 1
11.331057794181374 3.776506547123606 0
13.173315199705012 8.422038030668496 1
7.923591087232406 9.913601817650452 1
0.1061593827472751 12.554931221670353 0
7.5076152682065995 14.235468890316628 1
16.524700635407097 19.324836702881882 0
1.577548994106377 6.7568199410304235 0
0.19723090622675077 14.914183020500273 0
14.945888721760143 6.091103083576206 0
6.1343517851922265 14.5889219832467 0
16.27682312201219 11.810672480426458 0
5.2537039321717005 12.797886132822748 1
5.92484601658517 11.706336218073783 1
12.479522973765729 3.394177557843492 0
14.365300957400294 15.015115706092175 0
11.968803521002545 2.24284728043064 0
17.063665425827892 1.088162830655497 0
7.65663833763263 15.964973260591112 0
6.907228456839469 15.47381427110202 0
11.338187355831495 1.7412026671392256 0
9.263943657290039 13.887472907117012 1
12.129005580228469 0.3779269881718794 0
7.680181950913312 3.051445333442051 0
15.666545044795946 14.071909306345685 0
16.50988929762141 5.26143871235893 0
9.321392348069747 4.356447649556983 1
12.576325583910874 15.439166275978826 0
13.375595116822456 19.744333782155035 0
12.008469217514254 9.201972625032095 1
15.152377661879122 9.796682623249698 1
10.181207783489201 19.571646684328673 0
4.335613186467107 5.486072721286062 0
18.202556718699174 5.5813234175781545 0
5.2061600304066635 8.781604777384027 1
17.80145620743293 6.292968070192728 0
13.548831320630601 4.173046902067023 0
14.849629524906904 0.9645823905398743 0
13.76424373485547 18.796909746394878 0
7.989846718059219 14.890517666608758 1
17.171041396100705 17.80004434061531 0
6.621023190696443 4.43177956480805 0
14.910483698139563 0.9427634774433691 0
13.595805964116021 4.368875996966453 0
6.962076500262788 5.931000072425641 1
4.678447974812436 6.058923445544995 0
0.6375318035796784 4.970841205097281 0
19.892193841343804 18.71936596923905 0
2.4577977500247883 10.438337937477087 0
7.65469594724661 7.462413357689037 1
19.276162775925144 3.5234091575773707 0
5.347551169421935 11.429692625421275 1
3.240823935744821 15.043438418366433 0
16.155024370274 1.9677217395306679 0
12.17586662087865 7.839603607014176 1
4.774519518837423 16.080092021960233 0
8.324996141288006 15.051517663356739 1
4.917879714225459 10.874235770285727 1
19.089813297804888 4.899456801430362 0
15.970321386548212 17.390897664224926 0
3.2851442311088985 12.628311254807302 0
15.496304407355732 16.177648635073254 0
2.374541652645783 7.338268559554509 0
5.0834405452594655 3.6090383767490097 0
11.871388315068378 11.124975624372986 1
2.701451779114805 10.971557280943989 0
7.637710123308898 7.147868618334772 1
0.31075609284276773 4.147721239893163 0
13.273359512215038 8.769456627869726 1
17.95770609782968 0.8452523060193262 0
9.959262887670672 19.585607728293727 0
6.560657023028879 6.744355926095755 1
5.262065768085984 13.906583436890138 0
12.86125221359725 13.600672608301895 1
5.6148356194392885 16.451526345669695 0
1.2914074506348139 9.09334419601911 0
15.123499186164917 3.2043201046214143 0
6.575474286884027 6.535355403837517 1
18.39721056005394 12.088650759361098 0
13.276065954706262 9.509200893029972 1
12.087963151942327 16.210140600963616 0
4.734828894483309 16.965572472484656 0
8.448813823953616 0.03026117694693964 0
13.579770329996482 7.083379875738929 1
15.392749646438329 11.767975355842019 1
3.835032438792876 8.3422551146528 0
12.610778727837468 3.4413755826969306 0
5.1984253166141965 18.44108316452658 0
18.67106658590457 0.6335114643328543 0
6.7587609024424715 13.601489030590448 1
10.716022895218963 1.106484249802 0
4.0085914529583855 12.68265987242408 0
10.117468967401475 8.431353998742633 1
9.506814900428541 18.408444593354623 0
4.6511081007693615 13.247675135592786 0
19.547590663154143 13.888758113370967 0
4.386260529350798 2.7734242656952945 0
4.483652987565141 17.85570633689924 0
17.156194356075346 8.139746300727836 0
8.282149157457148 4.512591186012536 1
7.476485655194991 8.884067437777778 1
19.491921263384192 8.716337730542392 0
1.5966046463251304 14.406796409814431 0
5.615737364375488 10.182617994550585 1
16.57492371305578 18.213937584371543 0
10.932542896885288 13.805471110676242 1
4.990112328279888 16.027973716387642 0
4.55738762780177 2.4195184357099753 0
16.560505917441134 6.684846160389353 0
9.671365714423263 13.122375791178854 1
4.874615753356473 5.146416048862042 0
16.116850874957166 11.602452359363305 0
2.0285038274969014 8.463541350462817 0
15.34557253179198 5.034678524602527 0
4.417885342776506 0.6877493897486509 0
12.080824228989309 14.913240403913528 1
1.799661369579204 14.245494285714793 0
18.01603443916932 12.603791079709714 0
5.3910250947217335 1.2707370795642503 0
8.60892512962863 19.222430991472542 0
19.70412868964464 1.2266444283227673 0
3.5501702357395315 19.00365693078444 0
6.975852030322216 3.4261829945253908 0
8.422345293083938 17.952134669292587 0
5.535437109647685 8.967744250403209 1
10.414001814201825 2.209873669360194 0
13.436548824993428 13.537139342507487 1
9.665845988195219 7.509888982333344 1
14.392941326027094 11.405997122844958 1
7.587768420407517 3.999702736052315 0
19.372487504697137 7.648252579893393 0
18.367690022342124 4.829328461172436 0
13.779933656632036 9.683837600293487 1
2.297113806876514 19.35263036216457 0
13.415499160167258 14.978611923105783 0
12.131038375235272 16.974734856104554 0
17.222397355357163 9.280462112025203 0
4.4878639935117315 6.023771529755992 0
1.7102475553495111 14.927729348348757 0
6.920445818267849 19.34600232753905 0
18.63100879640482 14.630947361359652 0
7.504989888134337 15.172391774056535 1
11.508891090664983 10.684487374992662 1
7.661802839580623 7.520930449995474 1
9.607544822833457 16.67784865912386 0
19.818036083466207 5.688441807392161 0
9.868925636362214 0.9260459690792988 0
19.378099010490658 8.632022107405533 0
9.559306980739011 12.74785308599209 1
12.056179990922097 10.446407348654079 1
13.199878585927024 8.949404240870374 1
17.050726694237504 4.483309054157876 0
16.84690166086545 2.5209199890592426 0
4.395201678248791 14.713767526803341 0
5.437242411662511 17.399992126737153 0
