19.60246227441081 3.293040658211437 0
12.81556370639291 1.241008508149457 0
9.251564851134322 3.7853080027723274 0
13.030902501196275 9.17414127478027 1
12.332050564167682 1.0346774575862794 0
17.804897344509037 5.622073729248875 0
0.32950504443536754 6.327351402339023 0
11.079926009609117 16.99752892106271 0
18.329061712512345 11.81050164156234 0
2.947214583656317 4.556992810370259 0
12.790846757846634 5.552884433400688 1
2.174779183965021 14.140220753617044 0
3.3313280622187857 3.9594816344964556 0
4.640169247269299 7.395598822951381 1
0.20339303014402343 9.002958304822652 0
10.606762621137156 17.85785174197254 0
15.086551495841398 1.4420358839647096 0
1.0570745775925672 19.957157653096125 0
5.4914449514528485 17.338537658149022 0
15.899230224388193 12.721849383123956 0
16.38137604416456 8.401679279641526 0
18.11047149428638 18.179002427859604 0
10.372449132451319 13.218390496280083 1
17.591981337414644 18.9423240358082 0
7.510701432999197 2.602755318546144 0
16.215497801959202 16.19148171124243 0
19.154127967856525 15.520733057981655 0
18.365263842071847 14.813253517062808 0
2.544411248201335 9.203066892461223 0
10.927884958011909 0.13012531880918443 0
10.852035056558282 5.6575405861672845 1
17.400587274879303 13.609423213550581 0
13.06469594238 3.9512407439902852 0
8.25995276842603 16.00448782781127 0
14.793296032387516 17.80824118170237 0
13.547830435323942 1.7035015924800034 0
10.668712528430998 12.510541880289788 1
18.040045684320134 3.452739205810418 0
16.909692800072612 13.509771830270488 0
16.87739346689695 19.053478114227172 0
10.436610247879916 12.458886301018026 1
3.315343799919306 5.8845695595545084 0
9.286461036640898 8.335429647580657 1
17.747314815807897 18.50319279465261 0
2.534112126845043 18.958167562299604 0
15.710365219615712 4.053373691435693 0
16.032937763238436 12.11329375588987 0
4.124338267892784 1.5775435964211848 0
10.053801008348074 5.423538206318527 1
3.3408241921835913 4.123990745823067 0
19.253918953019415 15.93766949104982 0
5.963920236135893 6.520509835139016 1
18.080436322981345 11.501529095832105 0
10.027158315995283 18.870144224901782 0
2.436018087882499 1.0852990919386896 0
6.796793765053042 17.15097469499075 0
7.831289291751162 2.061283477902709 0
17.863524612943348 17.33835216156542 0
17.221097489688006 6.101402279435697 0
10.888478459509836 6.127220247912344 1
5.2612652427817075 16.08513089860454 0
5.3242655317046506 0.35068511260734736 0
9.75197394082997 18.286915990655157 0
2.9018504001474943 15.899198276940933 0
13.23595075669356 6.227447336521794 1
7.154351675174011 19.926170782467846 0
17.242684475715304 16.123416226766814 0
13.90794235088428 13.516688741751464 1
3.176411533018657 13.61096661327248 0
17.066950091575272 15.739928583592253 0
8.435027539660052 8.626289254866698 1
2.5546653051396206 3.2154621830621455 0
18.589021707228618 12.1940003371079 0
1.387212554710584 1.673487926289856 0
7.269864566744477 14.98637604733652 1
4.223736382229866 16.480951389963572 0
12.662781157024863 9.395091826657646 1
14.71599749372028 0.04351844744370448 0
1.4517628544149352 18.206530305907236 0
11.177990106002127 3.230523741174891 0
17.097271186792106 12.15644312855272 0
19.793010966814478 11.31787781571026 0
17.99218452759622 3.7483993040935504 0
7.620298203129199 15.76335555196083 0
11.140354630630043 14.590540674298317 1
4.549882681499846 1.3648928803040805 0
19.424659253870797 7.977613184800809 0
13.686122147094938 12.091747378023896 1
13.084084431707915 14.470292688025193 1
11.72044306083315 2.697712134454897 0
8.328154513833905 5.128587732181531 1
12.902914989741092 11.040955007150508 1
3.1905922820478705 5.660493644221278 0
0.661902465502473 12.118061382297025 0
17.100065024782808 13.275527302857085 0
2.4664225607642543 5.964172834664716 0
11.170788752110983 11.028354894529862 1
17.982970387803306 4.095621017069968 0
7.828212577291582 14.166007191057414 1
18.309423288094955 7.045546108166079 0
0.16135360757164596 14.407744637768964 0
19.564915031560048 1.3260471623394077 0
4.652482017839931 1.6652938209776402 0
6.264865381474554 0.08312033344074932 0
6.440172574640714 7.964501944720876 1
3.099147060394478 13.894534533451141 0
3.7681622878763354 2.9777239336093753 0
16.975258745506366 16.25864241464858 0
1.3698255930661718 1.785508311784083 0
14.427111528353258 17.059611759147295 0
11.690779812379615 19.605840771226525 0
11.684192371069155 19.238842475424853 0
13.403874245909783 6.154822301365453 1
5.600189677649842 17.132917049112784 0
5.673684027529919 11.761729026747593 1
13.393113744269634 15.785356316449073 0
10.899966064976685 6.000093266555804 1
13.397414201976714 12.359712696550485 1
0.11928031995375399 1.3662207075777744 0
7.924561541715502 3.49493202373403 0
4.0142149511500484 9.147991797141312 0
5.796974246868727 2.443955682480572 0
10.068509025535784 19.31545176136177 0
7.952333060461743 4.709350597471902 1
8.600777674869263 12.397901727612371 1
10.567131818934905 7.026056686173716 1
10.697850407737208 17.438775118626463 0
16.796257710309163 13.72568914426383 0
12.066129249656615 0.42390008963861137 0
13.193341163243819 18.044837451325904 0
18.742911262464798 18.87120892972937 0
11.971899951782207 9.517935945360215 1
16.95973297815817 2.6848894165936055 0
8.179201233754194 2.5623900137757727 0
13.977280763107364 11.99394382481719 1
8.322105757552924 4.664773776370186 1
1.4256207441598057 16.319378746709255 0
0.27054896521869987 15.81913165665062 0
12.462279123290012 12.427162581571285 1
1.2201815325574628 16.09629085084351 0
2.3240938205873296 17.12792198470996 0
1.276472769217032 19.61418453694808 0
9.60249127384955 1.0305164737418515 0
19.098641353156122 17.233744148627068 0
4.379460918918947 7.752648622169545 0
7.961178466227173 4.981084004763298 1
5.182974697286385 15.652101504552359 0
18.298138991238307 7.334595099545684 0
4.013607936340124 1.657374527715505 0
17.385630801562296 0.8280171968901917 0
0.6855628898855315 12.63912384759529 0
0.2412057696400427 17.838270926073992 0
11.415663921904795 12.874658822861429 1
12.144474146353271 11.559685922604416 1
19.525110947364595 18.2162708349304 0
10.984559070780307 12.256685544587889 1
2.9516551969855476 2.6415004226647354 0
4.75915919586453 9.390167701102403 1
2.4461854830889074 19.26772085526737 0
7.359747502244187 15.510198341697617 0
2.51955110463544 15.074989860003585 0
11.880491693868308 9.220859395382238 1
12.815459934749175 7.747833839409431 1
14.696190379387073 5.711657525979639 0
1.5122435244159305 6.0649224114234705 0
2.2161097136219676 17.77907230046161 0
3.4304654117049638 4.56527395399934 0
12.279081414220705 16.191519093610964 0
11.513416634123885 2.746866888154682 0
13.058030424968221 14.23998557396899 1
19.540307370317446 19.460388988569914 0
15.814128918888326 11.866803781877667 0
14.139236624244774 18.81927977941735 0
12.804572960692921 4.2496639132298615 0
5.549185003810793 9.219685020794762 1
13.059290194895393 14.018960641967993 1
0.15723823436252893 2.981594513024186 0
12.145487440606315 1.8980896552767113 0
16.380829703934616 14.855542876074129 0
10.136546703235412 17.565337262944794 0
2.211907307090244 1.7246978284913594 0
7.269019223454851 5.987191530051314 1
16.957058049539246 5.902509433186518 0
13.19560411168257 9.125677183112623 1
2.3767738892196744 5.392567394591657 0
9.557346920001875 8.392051664007054 1
17.31921047087474 9.646139536161463 0
18.01773570303733 16.609544613926655 0
2.4278527588537346 19.621833523984982 0
2.532243007617032 18.814618916028962 0
16.626605316280617 7.592505042462021 0
6.404476094772673 11.903801673733096 1
10.201412813623174 12.336178022008951 1
8.188635850329696 17.60621178394176 0
6.105143643329097 16.731851558060693 0
3.1774230709678752 12.074009439913633 0
0.17971874946158817 17.032553183773334 0
14.681259040049879 6.2777099639991585 1
16.169014873197526 4.495023983598521 0
0.4076673179464607 10.285011984940143 0
8.54058175552423 2.414134048487482 0
8.333011718916998 17.58158735430947 0
0.8386412861724657 6.1489131061188225 0
17.835032770679693 5.051352122846184 0
6.707824973584577 1.6237077274575573 0
15.954675279128558 4.359079452495518 0
10.825291090230243 9.3335352858237 1
18.07060422012659 13.364040389807554 0
11.853184632366622 6.663550724341237 1
4.8902709924674 5.403988245703779 0
18.70936183578054 11.6320206217412 0
14.180321850931435 13.838247571747871 1
17.875863417286414 13.307255752829853 0
18.89581338954396 8.638362158631223 0
18.48205194465697 0.13552725836609492 0
8.315104077605703 4.329328398448828 1
2.919373844456987 9.322606237846188 0
18.1108613748189 11.656007903688938 0
3.038378877971495 16.666615211149146 0
0.2854159534174183 7.9135544190893325 0
0.07333967729846957 10.763129721268685 0
16.390213436092445 9.699573188842582 0
0.30243171376879374 19.21662426032653 0
2.88853620788031 19.2171686229852 0
1.1957378388157358 14.478395690516466 0
14.8208310010953 8.310123574128724 1
0.481395814574872 9.811400704325004 0
15.055047852993846 19.04257446517917 0
18.903147203675044 17.455938405031887 0
18.0477291571081 7.549247101034558 0
18.9158452761469 9.502955918028393 0
17.80223753427502 3.541125639549574 0
0.5023296616275585 1.5560219550289656 0
1.3547495915350294 8.552007875109425 0
12.013768770373566 6.24411986353304 1
11.913451602941056 14.821499868308901 1
1.1072298171449035 18.557076192144024 0
14.798099530973126 1.2440020805931007 0
17.514083307622393 13.442116901026807 0
18.54654169973918 3.1545589464206514 0
17.789421879947202 8.480333862156073 0
5.459867728149808 10.405506477631324 1
10.143341301683947 13.02535014487626 1
5.913531842864803 7.55489424089232 1
2.56774648109396 18.123817694729553 0
2.14547176573874 7.490197309803843 0
9.747314986046895 17.079940181229546 0
5.605576135467755 18.70384550337714 0
6.7474059787959195 17.718509913609847 0
6.722544461362892 7.954285801428829 1
12.50117230953071 0.3043741026693447 0
4.159073161375073 1.3781682770497339 0
16.75441312100855 3.476258319706611 0
18.462611107079535 2.5103833718604918 0
11.461137004885664 12.682732537448176 1
11.678686568821327 9.03813973282489 1
11.93468259069122 1.2935498694946923 0
16.696349619092334 7.9025273584763545 0
8.82976460368405 9.831593060769134 1
12.82154818893048 1.5304233575271908 0
12.921394183836092 0.5091820230084743 0
0.6112907715479832 10.466069302026053 0
14.194138231549399 6.180959182389896 1
17.62325074409649 1.3447702729978994 0
3.082782299487148 1.9937934934687052 0
1.7070305945908082 11.763711479670288 0
10.232321326306103 14.305985463526634 1
0.5296791791544564 5.489190524490393 0
13.347037855080984 9.168990293805457 1
2.10387749286969 16.26350860196534 0
15.589735080005392 10.105072821882867 1
1.6494340130164309 14.44729677666473 0
13.524424138774618 3.8170389394643878 0
17.168086228129877 0.9911195881870616 0
15.663699389142401 4.36512620719232 0
15.07214330111961 16.302192690302434 0
14.500488386083942 11.380331929938794 1
14.837732772551124 10.08170450325462 1
16.55937503231877 13.093404912050596 0
15.54888912623041 16.084241751685685 0
11.75907561524703 13.89056364201284 1
4.9152218365607965 16.291976977775327 0
16.302433655724965 10.460397879371328 0
5.706757361339689 17.80068061363092 0
8.145383610112491 5.807734844592638 1
10.800825029146974 0.036580799816681164 0
0.39281655431620877 1.924653916225858 0
4.623664564724555 2.990294715395958 0
15.736415776035596 0.6130575924718284 0
4.7073554820627095 12.917344413478 0
0.47995025163284133 9.361219564608803 0
19.876073556370507 4.376133077751476 0
4.375410933898383 8.517709130240863 1
11.126173565295074 19.896135225641277 0
14.964340749715504 12.592942340872277 1
15.818325066034065 4.916622577933307 0
7.581428205679154 9.009835336075891 1
12.817148192194452 17.403517825032523 0
6.883942968655323 19.864239828920386 0
14.375383245807809 0.009204198184391554 0
16.222684188336075 18.005092372202213 0
15.123616508058863 2.9699972567634614 0
1.3762596628167567 1.60384581355685 0
15.984367690671231 5.424589359548174 0
14.88219280228533 8.884485517878758 1
6.6404511942230044 15.485592574127446 0
1.94690740967153 1.1631003195069667 0
3.8649684665532114 17.50070632628831 0
19.139029770489124 1.3728250482839677 0
14.057405011872365 7.20571322256033 1
14.522558764324723 14.834125349292002 0
6.786422878273477 18.33373622756724 0
7.748849641896626 4.391334561081644 0
2.4307234320445126 12.071172948966506 0
6.5574087486013415 3.087453059612346 0
15.019421222393595 3.2967852880332082 0
12.539888046190164 18.12518632353028 0
13.096230442529004 15.44508765367153 0
15.848968575028657 5.709460693026629 0
8.63112193186058 3.733098911602506 0
18.50621619682814 15.37850426689474 0
3.8129950717860983 6.880029174244773 0
14.609313716092831 17.44853879118665 0
12.527729676011603 10.801502133501062 1
7.0225978322071665 8.777936255151186 1
14.459413743970302 7.109242930313819 1
15.02832715421351 5.347642039049818 0
17.71292052447859 4.800173039676851 0
1.019754201612384 12.266205968203712 0
12.908197990501337 9.474014414541989 1
9.660629771311822 6.373887504175495 1
0.6989954538379117 18.04719112943265 0
15.651354167874915 6.630585311505596 0
4.108848034160788 12.094703517497063 0
17.989121712552546 3.354212340073268 0
1.7983485864885385 15.786725380956279 0
14.268317856054773 5.464252866871162 0
4.796130684190989 8.191678203772504 1
1.0152100056218893 6.162435870862204 0
10.43743637807982 9.982608873553112 1
15.19393497295901 10.713247782990866 1
8.137166338589843 14.990829876695745 1
4.5833653053863195 8.50394281895188 1
5.979704236254786 0.7888930065640509 0
0.17633925903073555 19.526680531526907 0
13.780399989063653 8.024114039085866 1
0.7754691280748838 16.122736109528024 0
18.544846426423018 10.270898875249717 0
12.695440025648754 10.377667892982318 1
4.295961159416346 15.51528766601348 0
7.408754079635167 12.711359456347084 1
19.862196582132793 12.999358208104052 0
0.9675071790717205 3.288815642625038 0
2.1622925615129662 5.679147242635992 0
6.840819410904722 18.063676781535044 0
7.854535341085603 2.5234745404039183 0
12.598019849081068 4.242650573927291 0
9.726557090546727 4.464674893230692 1
16.562001649174082 3.4384854434172585 0
17.979670138182083 0.7038315737343925 0
15.072153300174573 15.194086941116998 0
8.710525007714232 14.90885249222789 1
16.67362324923818 12.667599308905347 0
0.9591027244204575 10.736594205386819 0
8.735453504136522 0.8793863527317347 0
9.0577180753787 3.225466454472221 0
18.630334250908092 10.78024845541021 0
18.83163060816351 8.423941889113596 0
15.507221985558377 12.154519891423563 1
13.61681105632552 16.679466631049987 0
19.013930524922554 8.935051649438869 0
2.816986370817278 8.200850621867515 0
13.424874799992912 0.7740625313402671 0
19.19520406159162 2.021770702865151 0
6.3257019722789725 10.187916748383724 1
18.834434876960508 12.759151522124776 0
0.5179077705075441 10.213790459633474 0
6.5939380841329065 0.21090697472789355 0
11.963411448576583 12.264948201708641 1
16.06135306290269 1.4453741840450096 0
0.25649782280662725 6.817584033321102 0
15.088319203366797 16.66557013056156 0
3.1613259796146242 0.9642542300996904 0
1.2218369891274627 9.679930398530841 0
5.240003279790326 4.4375461252420445 0
12.918789435791837 7.522295264537322 1
5.74011660824347 0.032046513621206696 0
9.903051657192528 19.43543032251405 0
11.1514083218204 7.841605637786781 1
3.97500618328686 5.888298016447915 0
12.80131620338662 9.775448905064277 1
11.510039859518974 17.42587273768091 0
18.03349989545516 7.731191335764295 0
16.026546072432296 16.09834969859659 0
2.3279120004129483 13.029107264380011 0
18.79328085377013 5.043500800967166 0
3.5474011009410833 3.5422215783384003 0
1.9350432111390559 7.2131962125092475 0
12.544924505338479 4.840070664523712 1
19.922528764608206 3.168670767995625 0
5.08124606205532 9.233907261810128 1
6.698607723798718 7.670061544055809 1
3.4403365265045727 14.422978041076384 0
10.543367054537685 8.787110256499366 1
8.704702656068768 4.707084264167484 1
15.192585459377447 17.375998395924906 0
13.851675554167963 4.776297712987974 0
12.614660424610896 13.56871625645109 1
1.3635477206674462 3.945141170054234 0
15.580926089084679 12.328457543261964 0
0.002881420824607517 10.715458045669472 0
16.607104291500953 14.321215875718778 0
12.978972109801184 5.479199470518161 1
1.4130791804961484 5.8198849402291275 0
9.099660558927837 2.461956870129136 0
12.54169622238698 9.602271049312968 1
19.81576904701086 15.347141126010522 0
14.708660529328501 8.120568912535722 1
7.891967813654411 3.369759850664076 0
13.207454790115074 16.14599270317758 0
1.3626978956397617 15.131436664733629 0
3.1085498827188873 4.748062453253081 0
13.44520697173417 13.378738110061583 1
13.509648697002861 11.603978232312013 1
12.91859289873787 15.289855993962902 0
1.5716644617770892 9.714463900932813 0
4.2030251433968875 7.888739788564716 0
15.979782409972508 8.237561607784107 0
11.723418814438585 9.937936321912844 1
8.159679775323411 0.22709775204659444 0
2.473162790138421 12.268964208373937 0
12.725959320806721 4.130857446585788 0
7.8178625714152705 5.285873979213431 1
18.380727451386893 16.541792865869155 0
10.20766697608099 7.084258012075337 1
19.395590968807902 13.78517936528895 0
14.095722295364721 2.750082847919433 0
3.9126177384449434 10.243355161761476 0
9.155739527898739 2.5722057717382807 0
11.42356681770194 5.950987693452894 1
15.693622482420286 16.250691516119282 0
16.295777666410252 2.106625618622253 0
9.948146373838608 14.256113880574784 1
1.7429908260885951 3.683857881362196 0
15.827022117649213 9.533422418099404 1
5.377942692359015 13.911803349463344 0
10.251184856294389 14.393710524052326 1
12.283126621538997 14.401789761706365 1
13.97138098642916 13.20902912160028 1
0.8877937992346596 1.4790672351799072 0
14.9060690502435 18.322482178725103 0
6.524556139230084 13.98808069469915 1
19.398896529102274 0.6864925828443336 0
13.365942073016212 3.6198543178862463 0
15.821311246893428 19.23177297405814 0
0.045671338233341796 9.628417857206774 0
10.358707263992287 6.643638127584022 1
19.631920738470413 7.511421653041365 0
1.6817034779112583 4.827268798937075 0
0.16242136929721873 6.049847280521363 0
19.86178496614439 3.218350421688061 0
3.6925639199736215 0.07126790995010346 0
4.770751278099759 0.20129254954883713 0
19.859606285643224 3.1638264735032973 0
10.013869936771458 6.129558664780095 1
11.280737372069655 12.496494263869288 1
8.979599871198703 12.50511383313069 1
17.233192946163474 9.961027555671869 0
6.071472894349917 8.1672278240504 1
3.382973822347095 3.5025649146715643 0
7.5080406568146625 16.485751882532178 0
7.081962156795639 17.63850556544662 0
13.478676421104742 5.411530450921795 1
6.478718338832996 15.446635635559343 0
13.201510345629579 19.051690821014308 0
7.3107202945283785 8.751700299550427 1
14.692548000951504 6.908169684085403 1
9.450316752482964 3.931030562885338 0
4.142151773484814 7.877462598035616 0
17.749366220524397 13.387066858928009 0
15.791026327462777 18.96121120790544 0
10.04655227607683 19.55883472181406 0
17.741486721465968 12.120943707203667 0
15.242257240538875 14.55354774416184 0
16.543052054655288 17.99408547007145 0
8.807403382548047 6.150733697895148 1
8.48417318664988 11.979561808542165 1
10.42290281745766 18.730765335994402 0
17.928868843557183 2.5959073744967465 0
0.6458891845226611 10.886551139539005 0
18.98510774898969 10.37306626849511 0
0.7710473440033305 15.65782026767734 0
18.96600589717988 5.392982915456099 0
11.2527869376615 11.099210298267865 1
0.4209508742358259 13.04686647660981 0
5.737798380805703 4.928513529446816 0
4.520326003721975 19.636064236939777 0
16.371844042315967 1.4225304270958694 0
0.4533082433969571 7.846085879046045 0
1.6016694481717941 1.8673937358411719 0
