2.393955267409782 14.709007872795596 0
14.246643217154759 15.996410391651404 1
16.011756427447864 6.782691474491658 1
18.95358558881393 14.671495405553372 0
9.960432385925644 12.267544869625544 1
3.2348627619504433 6.471302870228679 1
5.280115630262163 3.8511504362218862 1
15.966861082841753 8.58786871819345 1
17.53085917962745 10.037919798153617 1
18.652002510192645 9.831889145947237 0
12.894727760759627 3.2226657198352626 1
2.527007603633684 11.08240260677453 1
13.614092556766515 11.625305352271235 1
0.6282442241479336 17.098539490446004 0
12.699522797059757 1.822591812765011 0
15.995274643293351 6.2499848785539776 1
10.765618214348603 4.290181211748758 1
4.979005091476045 13.36161349785429 1
16.169039438735698 13.5361351921757 1
16.666568902311553 3.579905856958414 0
7.1073932623136615 17.061595760403993 1
1.9829180025722937 17.349994096731606 0
9.890469038573855 19.863056514487116 0
19.105556899188628 0.9558676375366892 0
17.279484598233427 0.14209643135518535 0
11.836480643121238 2.134116240547541 0
15.812328957775538 0.7214498421814453 0
10.968565616128549 2.34747996939777 1
19.090215229595202 8.366504653633148 0
2.4303666263283596 17.731427253578822 0
9.884778904688265 3.092782116893522 1
3.453735866485055 9.394189536604436 1
0.8611819756722405 7.994218535438657 0
17.791128249514603 16.425420825962185 0
2.7192894611157903 16.67417253576742 0
11.012079156264644 16.174798286314044 1
16.523991461799778 4.855801898894663 0
2.357409149821801 14.6443592903825 0
8.082174611876134 8.1865690778094 1
12.000642755865309 11.941011615161823 1
8.625770506925932 13.217049245000949 1
12.362054485561645 18.20397659332852 0
16.26747747879913 16.91839868629867 0
7.735993723669794 14.15130340887799 1
19.27429348758847 15.261034199160658 0
6.421974437482765 4.208831052398876 1
3.951022634399226 3.4876618434926776 0
11.27462311101979 4.814329844155434 1
1.3554350129313764 1.8971897077379563 0
10.521509061766546 8.115381577184708 1
17.166211146128248 15.61189065114299 0
5.751929420438923 13.816907673696093 1
12.080952589800617 10.86745399955258 1
16.18179992323207 5.041129168855933 1
6.996015841099579 5.158668285142016 1
19.492570108759704 2.6714618160792725 0
4.2029779778472935 5.063074138375359 1
4.620872606531794 8.585612203271392 1
19.763153568654552 1.8631803110170408 0
17.58807764601703 19.736703076387364 0
13.163946083491037 9.124375480465261 1
12.161018977306517 15.982145451140113 1
7.574593754835252 19.342331016310354 0
11.904984969545435 8.541254996111643 1
2.4245357754089736 0.8093146158663966 0
1.268008491095305 7.46065294199882 0
1.4084102551452715 11.974218808535051 0
3.1616991032381425 10.869340079616629 1
6.254370431845119 3.4979208256637095 1
19.797888028387863 15.080980728644825 0
7.322746067961459 0.1707707695224192 0
17.4475680430791 15.109788992899558 0
1.7309220036949746 11.613441677025145 0
18.775281423539024 17.22749133481296 0
15.513273117757008 12.633155429676918 1
17.038066506868397 1.9339063071507456 0
9.858952680452411 0.17129775974705774 0
12.230970961831119 1.1927848797847873 0
6.443150877165895 5.236733912465985 1
13.694300931734503 11.60799830117778 1
5.3888273928349655 19.015576376829852 0
9.331819348226702 2.782435263764824 1
11.362630925737466 11.713103385102688 1
14.096980385116156 15.916218462227384 1
14.77419059947496 0.7185169221517551 0
1.9019318763631832 4.8386913768124895 0
5.082936827346614 9.651212181499416 1
17.572172566848106 4.2799021543839615 0
0.8928160364022775 3.356153140703564 0
14.243181121888572 13.5475747913819 1
8.800243376683042 1.061791417692164 0
0.4736929987991845 10.150680237938044 0
15.100226030013994 16.82756240729566 0
6.573398803393335 15.5945625236134 1
10.57875994104888 11.003229631542323 1
17.216774960730568 15.799910737115141 0
8.0085624321595 17.331156961107588 1
5.72418455858352 17.002493410031988 0
5.833774208366867 10.242148589193665 1
3.8792082603654077 3.4352575859816437 0
6.978404575935889 7.096761375563219 1
18.145827880515967 9.424309727503966 0
15.409242388352013 8.672264923088136 1
10.060594996543518 19.989237656742233 0
9.827592285222151 5.443590152755375 1
5.863562712388191 11.152279758060399 1
13.523874139924999 8.714835658750584 1
8.063323044154023 18.414799939435966 0
11.318042610323642 19.902152549241055 0
10.62974756298959 17.76785603049183 1
18.444599710791824 2.979224406099641 0
12.035293607802412 1.6556034062052993 0
2.4305367445121484 10.005178244352509 1
15.497338264607594 2.92294290753097 0
6.397278903530832 1.5934155712603948 0
14.694233148946076 12.703336278319732 1
18.095434579154674 4.857214883859317 0
5.700007703894768 0.5937004927608114 0
18.331366330868544 15.629756894347135 0
11.002525151565639 15.734893193332704 1
11.053609279051779 6.309652352492217 1
13.197286924511047 3.4707102112782517 1
14.283348569495933 6.2297942704860425 1
6.262667877090216 16.826542999659925 1
17.688377311908525 5.714256988934096 0
6.387033714699291 2.3065655848400124 0
3.0380066319977206 8.94029747563935 1
18.751505403000287 10.43572002934999 0
0.08674298251024837 2.3702414996750987 0
18.460520697532388 18.449764854255562 0
7.325191856898372 2.8762011161955425 1
6.246811491343203 0.36714242753647985 0
17.170529091143525 4.006020755695177 0
3.1302500424571433 13.980170365935393 1
10.208848880741021 7.111509030764189 1
8.099739959707577 9.612093850460182 1
14.336531145290692 0.8936683901558395 0
14.208699162511493 18.6128007385425 0
2.848155995015089 17.55207463104373 0
8.339487235453527 16.715046258786728 1
16.196540719636975 8.244978903099963 1
16.52028597762238 6.000328614687456 1
9.905901221369257 7.194481490541631 1
11.20408375937534 4.084258848824409 1
7.303066996560705 16.597673117713395 1
10.516531180201724 11.497748425571947 1
11.339701404022353 6.022808319348448 1
14.972764680878424 18.10118554764521 0
10.182876708575375 0.1752761162762395 0
13.609756146210394 7.793851536472378 1
19.57688741407871 12.62536946382992 0
1.3584497298343967 12.210301786739677 0
17.344506629224373 17.074094472402066 0
7.75009527053752 15.299754677029025 1
14.319923455906913 7.979813162984179 1
15.73999934051804 3.2205692442943956 0
3.017225724833912 19.673163126233028 0
2.995732790796426 0.11423301016758813 0
16.716896658878326 17.140699983251814 0
19.20435439516392 15.14817550098571 0
0.7569782315000539 16.20603459100125 0
12.029412215012735 4.219329865196251 1
13.763132103504113 8.301615077554667 1
6.2891901860799155 1.4115423851477038 0
2.597566130152873 10.199374860750194 1
8.417705370860965 15.282896221708205 1
0.46762184352651337 5.202310271768516 0
15.623518915176184 14.671200734195196 1
6.1984620752683846 0.21722577539487808 0
9.526632228766662 3.4904777860584857 1
8.134220847720545 12.641899672756372 1
5.237848660818736 7.0617899478297925 1
6.815230618621781 17.482246748672896 0
5.5551001293838915 16.878614998759986 0
16.24684549180539 17.640174307361022 0
6.312856707010422 12.138716940149807 1
6.151903166034501 2.694235307682773 0
4.4227894241710235 17.137065645915257 0
10.40877870014512 8.185812787804391 1
18.550799468416134 19.885955631322407 0
19.0471026543755 7.694061321002524 0
8.48988276032738 15.514962196530327 1
13.092643107323966 0.36774914945853165 0
5.240068976991585 10.306160824756144 1
12.862924543315717 12.5815966418529 1
9.538845626721686 8.721626913758547 1
6.824354367249928 15.417732349532173 1
3.688259845736135 17.29482057813586 0
19.519988910919825 7.609823030683356 0
2.2183348409775205 12.594896864457457 0
1.2842841452854747 13.759247148960466 0
19.30782533368198 18.821640885637287 0
6.508473298632453 15.43072370437529 1
19.87142301784154 8.57197874165407 0
1.1012878308363927 13.222782645716665 0
2.892232194846107 2.9897276624614277 0
10.879671924753984 0.7953383071561126 0
12.55491435381952 0.35062178954748946 0
0.9327185832382656 2.64403272134895 0
16.483473359750164 4.117954724512007 0
12.541421565171424 17.712363532629617 0
8.094398375731434 0.3667363549237823 0
9.211433317119218 19.13893228217654 0
19.0418862797859 13.360244763223069 0
5.47120164549961 19.093577536678456 0
4.104917111624982 9.20464138340104 1
3.7735877910943416 1.0074228743715197 0
6.172744024766994 1.3874493765348683 0
4.170729002742275 15.047219095118194 1
4.341929571870635 6.262987207600421 1
12.357814422691654 14.752758744819419 1
17.12414929441002 12.099628474703003 1
8.832873388436482 15.533029070154164 1
6.941958713190568 14.811698517143785 1
1.3030371306276756 17.614068875935583 0
15.430413870707273 9.543695827373583 1
2.6070903633526132 12.61136458900812 1
16.918826583216372 1.7572559229635631 0
9.142466344359576 2.7305566652520485 1
11.059656554796875 2.0868637528417855 1
12.74425822860254 4.208389147848102 1
0.9844096849090289 5.997890388594693 0
8.342666253360491 9.322319772834458 1
10.789402119734762 4.09919872555294 1
4.592155804375373 9.39894110523416 1
17.131517378090283 18.82174844086657 0
5.7645325568484695 12.471686980233175 1
6.730263935565923 2.7349063063822165 1
5.681498387991633 0.04342059331491788 0
16.67995750619955 7.428226644198528 1
19.134995972381198 6.970210289181729 0
9.042931049479975 19.169074991506605 0
5.388826426333981 1.3782086883401767 0
13.813099152204451 5.964563362831761 1
9.039951069952037 15.98074694524355 1
18.438098301083965 0.5237143156769952 0
4.735921915792511 2.6397859396543955 0
15.019218407035533 3.3813104808438976 0
19.643957508503565 2.2754137072732106 0
19.424782826244417 17.177457710939944 0
8.722717518903014 2.71937576239641 1
7.306377023702433 13.053873137052447 1
14.850884190650067 13.266444050268838 1
16.82164064041794 18.08037391725363 0
4.710746030521939 17.11200374645554 0
17.518582888143747 11.568388670309126 1
5.9870288510420355 13.581353106171328 1
18.586811661179688 1.8703524862902698 0
4.738662606757645 12.036383298740796 1
1.7678749339819255 9.082980546708065 0
17.914461263336744 8.850285120512778 1
4.659154545261903 12.928839638442078 1
12.676075133059976 3.5886093915545336 1
15.801179382141763 13.451068750935043 1
7.983861887618248 3.799606494754413 1
15.777602667243716 14.388922793556361 1
7.431954624896746 4.056829070384664 1
11.309257686494956 8.25000099346622 1
7.344071454934181 4.403614820190764 1
3.1319837425716224 17.425752999217398 0
5.014664019357811 12.291189333334394 1
19.44079278529595 6.756925098007713 0
4.781805823642742 10.174331899026308 1
18.228465518531202 12.565708764315321 0
16.138658792192746 6.597290998159384 1
19.236186112998872 13.866979375132269 0
1.1164571670585022 5.815253794618518 0
9.612953331763999 5.389688131777659 1
8.013606710126025 2.216692568188965 0
6.29077243971599 5.726820140698992 1
4.580543291418289 16.600929890686487 0
11.193459312303462 19.514837177711094 0
3.666822829590739 15.051824578462238 0
12.680186222915372 13.712726597790843 1
14.130713709514486 17.249484596385305 0
17.06702149767164 10.59197029725648 1
6.62315693146013 0.5800646417427968 0
12.630326088817618 13.809229945715611 1
1.2164811447049706 16.708545223853267 0
7.158846950235336 4.612543296461369 1
1.4085426910231513 4.4653516959165 0
12.93505530907106 11.931284978082806 1
0.8757384751942188 4.6891086213001865 0
0.9727911107586351 4.907200224820841 0
3.982428936338651 4.519440162474401 0
9.266724440767888 8.102145975687609 1
11.535540744248463 1.1093969394670977 0
11.534712586429606 2.9296504679215163 1
15.363662502270008 12.593813038798558 1
12.317612703366262 18.297984357192554 0
13.149604778505399 5.589776599404368 1
19.70242282359778 19.712627885706098 0
7.086052640217117 0.5584758114689681 0
9.0183454517767 1.2950772464594684 0
11.171302542450663 10.158028016167544 1
13.011929349995214 9.206672130554644 1
12.965690065710175 1.7625203337696993 0
15.588070510858085 19.73136395710102 0
18.22225693360664 3.7925239709167635 0
2.4107689439863966 8.380735122603152 1
19.117987409887704 4.232957963062272 0
18.095934561460194 10.234836798708509 0
7.053261862466671 2.739100547021611 1
12.561584613081685 5.324059905942427 1
0.013601836279100166 15.107944472545054 0
7.502434673106846 13.687524549828552 1
7.940295224454563 15.95832367945932 1
4.539991617197843 16.08898525877461 0
15.495393855765027 4.636610698078769 1
8.544153055368113 6.357379924820579 1
4.11196351843272 16.539436014386926 0
0.4282442414676546 12.884529932733049 0
16.071948209242485 15.334481014757886 0
8.526453347135517 16.368988862406614 1
12.28675531132551 3.1062844357006525 1
4.095240291137787 2.2394813701058025 0
11.637717462542055 13.088710314914282 1
8.273467364257886 18.089916991471004 0
2.5869428355025703 12.728273819937986 1
18.503683506966585 6.55809015556132 0
11.773901868767744 18.442776245646936 0
5.409008885095021 16.126251729868276 1
19.569309706535464 19.30667170086291 0
15.286820710908803 5.1998419436329275 1
18.44364603166477 14.722522885584922 0
9.22392989584324 8.233471988692152 1
5.620274905411513 2.900905184634346 0
15.64430928225866 14.208999526939998 1
5.078490270056588 2.8996423091051238 0
17.040389966864016 18.325108451314303 0
2.220399536077635 15.563153204433691 0
8.357118944205803 1.9029769330341972 0
18.9436469621451 8.974719285926607 0
6.245337681718275 10.036130632499356 1
17.13520967558241 10.52346301670223 1
9.670164012814524 18.235112412356685 0
16.816018952757204 16.70236271576789 0
18.302963965214346 8.672085698950557 0
14.553237177309883 4.304963098211472 1
10.209602449946837 13.327860402726353 1
14.497513852117343 3.3655760497284093 0
3.024645496255516 17.298985814024924 0
5.039015603536563 16.30757941283741 0
8.017496396626711 0.7378736822075393 0
19.972168041076618 0.08889790440313128 0
4.433894454724636 13.01981052673714 1
10.906481637879404 15.346238578300229 1
10.993719153277882 14.427261441508199 1
0.16993880288924013 15.290774482212264 0
3.268734410944567 16.50092647813132 0
11.296394212549139 19.294211773374123 0
17.88791475189022 4.302378124100141 0
19.1812497991426 7.013443976783218 0
3.662444519226813 16.762814856555373 0
11.206203142999554 3.8897014009475495 1
4.0176065483069845 2.683799553120807 0
8.616279291601526 15.879146923816187 1
9.189422357669661 10.420221786686323 1
9.841989376220857 14.099080849027207 1
7.8460884479734165 4.050695317777122 1
1.818355567520773 11.728049612469338 0
10.412806564749948 11.066069475083374 1
9.49027600663589 5.609370217460292 1
14.747542795121184 13.486063027121023 1
0.7306068859383075 16.984035041475778 0
13.548068497317217 4.93045913195772 1
8.459180480444452 1.7201817969849231 0
6.459470042870425 8.16318491987214 1
0.9545762440111716 19.00373882890708 0
18.512667040324057 19.027739850401794 0
7.215539682295922 13.683324554770218 1
4.913042759171575 11.270254305739604 1
6.393337224116302 18.965325278140085 0
15.38909020316427 17.61022387686364 0
11.345332906754194 19.706606216699193 0
12.176167710447201 16.767818570809105 1
11.066877229420271 7.744648629268456 1
15.824438596099784 7.290734378944195 1
1.048611490460809 10.568445898375366 0
7.606298262712274 0.35901828918959877 0
14.154347828725161 8.946704238595572 1
3.2264582063103986 10.327336333834227 1
6.476529099471082 9.42178163710241 1
14.37947126630176 0.41953744915865787 0
18.145689946753855 8.718553019861634 0
9.845228469940764 14.293418177170851 1
5.676232180381513 7.4081516382055135 1
3.75693328208351 11.032754836806875 1
12.092674415383083 4.412947305205703 1
17.56771596098972 14.567221702539603 0
19.439852761756583 7.151714280245727 0
5.450336541169378 1.1098932951602736 0
16.63331594783594 8.74714049477338 1
5.858677855484689 2.0559979968899023 0
2.636036708055627 15.547753290690189 0
5.7300909024424085 10.604917039789648 1
12.130956962415897 17.040879605127145 1
13.385573533325024 19.313279621107473 0
15.289670077871982 17.82518828142893 0
6.359363227947683 14.59695849781795 1
1.8763870109500025 4.002720664337804 0
13.27688459802827 0.9595909225600607 0
13.78616009720332 19.739230174789565 0
9.850491304714525 15.689174840152305 1
9.327073693413874 14.986518101570752 1
16.003200860607297 14.539917406016336 1
16.262106133028496 9.251554522876052 1
1.3848624026025402 3.421760492859549 0
14.084828627116497 17.727351233016066 0
13.587783307068289 6.135334080921364 1
13.828898881074405 9.747934309006075 1
0.5000236563422678 12.815029240636038 0
10.671480289688308 3.731719491197616 1
3.5241950669480104 16.98397858477527 0
12.84026889208989 13.09894610231948 1
6.851908491781908 11.250711475978072 1
13.011134041878865 7.992341676964145 1
12.686973052609066 7.64175454287169 1
9.836340470799867 4.156042857360635 1
8.072925924419387 15.865741309066102 1
14.608676484553062 14.607461287653067 1
17.240914118918845 6.553483295856129 0
7.005051256925161 19.723989435250417 0
1.334646736819094 8.394030576377126 0
7.003901010358651 8.342048774382377 1
2.084280271254255 13.868851378498226 0
9.608666884769473 19.181005539855814 0
11.589853161967369 7.7944384273938 1
14.926023802129855 2.01078400807321 0
0.7235244124351059 4.950276075892148 0
14.998833347808546 11.17500831631931 1
8.277096033302719 9.874090697247146 1
11.349669099633285 8.025208815065882 1
14.499895670669966 19.51816036408434 0
7.379388468241896 6.424735034820674 1
12.829309537785079 2.2005799599543163 0
2.0762512318235404 6.62238108005242 0
3.32757238072237 19.427799001092577 0
12.47344810149086 16.45598920261351 1
15.103595241140935 16.163605440992576 0
11.866377374521434 7.633960295539238 1
3.45847777268806 5.022571526017405 0
16.508596777546153 18.3471232978069 0
17.743343292367353 0.2535624488768251 0
2.3224883142286235 8.083741059276699 1
10.834061244983547 0.1532727972651582 0
7.658900832018192 10.448012584339315 1
8.812991035281508 14.360668361007193 1
15.658190191767929 11.56688441022981 1
17.902942807242564 19.073064123236914 0
4.524242227888735 5.955249814883919 1
8.833407448938251 7.954740177377286 1
7.950672325286423 12.381057736381385 1
2.904250208433563 18.564715041543227 0
0.09084805169089272 14.315322622844757 0
7.0668661225120815 6.334825841101964 1
13.349673005535536 5.376898265288732 1
1.6718281720892914 5.485013487646741 0
6.536999253840243 19.5691551932272 0
4.001478779572167 18.959516024988954 0
18.367093650357823 6.235060644875889 0
11.828226365333762 1.9144876583016979 0
8.29027460304806 9.985947208115011 1
19.599999658006578 11.727618388619792 0
1.3042261714531178 8.162326777045797 0
9.156373500636171 10.299604677935053 1
12.329972419732512 9.435797365409107 1
11.207618981999872 15.525835738836127 1
16.558805836811125 19.85527465445781 0
13.741500972090757 15.902510688596749 1
17.013988967701177 11.811368509520452 1
16.612475399987638 17.30462963079861 0
3.487930996899946 18.47580556071646 0
14.268745087548469 17.434263453558422 0
1.0799172897027054 14.164424903444058 0
4.877226120524101 17.23944217868259 0
5.295881031658761 5.9935152103443805 1
17.18385324323952 17.36089188311647 0
19.41632350853567 17.249178019478666 0
10.005686757387 4.9930773372187565 1
18.248342493286444 0.552828771890288 0
9.848323573856433 7.614516489291214 1
18.395248321972623 6.826298648287771 0
0.9624932026876709 1.6256440055987564 0
8.064528618082573 17.685335642522702 1
6.8580031542758135 11.767098850417268 1
7.094158476812503 17.28816890702523 1
15.148672055160432 4.721048137848358 1
0.7362905262344932 7.18003307096466 0
7.61201930111806 2.0413243293624994 0
16.717005517858073 3.6384206388111795 0
17.338547893660056 9.288153076615096 1
5.746301417134663 13.27713296398786 1
1.906797660608115 9.237196744079593 0
8.632695636528648 5.624266896281749 1
19.08142814194678 3.6249766097675273 0
19.067958058686852 10.412001860223441 0
7.617545568797654 14.874652795512365 1
9.673576028519479 16.837802797123057 1
12.080950593993487 14.172607608475747 1
