14.01446356499062 14.528713909174723 1
18.751055251596636 4.6635448182392425 0
4.181039798055712 16.191743527007855 0
7.697195084936299 9.297638003125346 1
1.1107860125173752 0.3167697314363904 0
8.693154981154802 11.713467503032849 1
17.902560076956597 19.56277145491719 0
15.253881250513963 10.868739723383971 1
16.861958007439195 6.196220638939134 1
17.51682031243948 8.661182333868194 1
18.80210593200281 19.766427476705196 0
14.546595139911297 13.118269781089955 1
10.597909604689317 4.491191807566839 1
6.465244691719663 5.716165922996241 1
18.39525062705642 7.898404853753263 0
3.474235702012902 3.267047186627696 0
19.33608188391961 13.48146819301077 0
12.808799878053565 10.743319810416967 1
14.150858549680374 15.168853974845014 1
5.089452470326181 12.948787333552161 1
5.596799523366718 19.321223156529506 0
14.239413732718564 10.645045567362288 1
19.153300731330596 19.197128467155405 0
13.049639176177282 16.36516304336642 1
1.8178621062324152 12.997023768862926 0
2.540235479127939 9.33229841493062 1
14.967844002782439 17.234969576014926 0
4.22090447033036 5.384800930489746 1
16.1644301463574 9.527162887508878 1
11.913230489643178 19.146311008710914 0
15.74965436972101 11.461167492343488 1
6.726820556104673 16.622998733016715 1
18.821558757676097 16.171576065250964 0
5.480964619867796 14.181845044076917 1
6.313781093420737 14.982301601863242 1
6.6549202093712045 5.5186119892352785 1
0.1765215680073906 8.789873838023698 0
17.154855586186205 2.7013025059364937 0
16.667731181967135 7.223583611599931 1
7.213629586351686 14.07924930989819 1
11.874269205886883 1.206145937783416 0
10.056771398970598 5.11551371999269 1
1.2937679312590689 14.883598311892495 0
5.740430595025343 10.967687997989744 1
12.889925130225254 9.793177452580771 1
13.323844461883601 6.061615394032005 1
1.3439422392367284 17.88002960893215 0
15.141850879562735 17.815763149432904 0
8.804796495597385 15.60541316233077 1
1.3367278560181783 11.278108433396703 0
17.153155042815097 18.682749092393422 0
16.57741284792954 8.537949106659465 1
12.2974586744119 5.502974525765543 1
8.232888423213481 17.222957232888927 1
18.20758529244203 6.993666022176166 0
10.025902889611354 9.470275156577927 1
14.708106743817805 19.5911709066541 0
1.5008632292028645 1.0373633155367212 0
14.691912852481185 1.475520220258213 0
7.724602792172732 6.451777281222819 1
2.9176494968526323 2.364349849193479 0
12.802470622635745 7.726216119533602 1
10.523460383239618 3.976035654418777 1
15.637098130020208 16.829069004102628 0
18.101876168486466 13.733963599538141 0
12.509112382061126 11.11441879395268 1
16.187165186355042 8.393430934994704 1
17.990469411385533 11.847471615279431 0
6.144493818104966 19.606555251322103 0
2.2328670906875114 0.9897928024221891 0
1.8441279564441837 13.091958236502677 0
18.644316565517304 13.161662758485894 0
3.1635763827887176 7.176306789101057 1
12.777555301412335 8.312185916254919 1
15.023646293099597 13.770817483136856 1
11.066310467533695 4.47286921973517 1
8.728258103584563 11.031684255023954 1
19.92445347899895 9.738788191683888 0
11.988807524999691 14.73832056992348 1
13.219234169194042 11.622377821144966 1
12.396656998991183 5.81488930075669 1
6.092393386746275 13.094420892042258 1
4.568669404243934 16.6212167243735 0
19.125106600267664 1.287001679763069 0
0.3166006428093171 6.423780557904582 0
6.176671131799019 18.182672474379405 0
7.367197040730886 19.977637473502515 0
2.495988938002416 2.0557106769998423 0
16.585969996163044 1.6520358545901104 0
5.117347765528981 17.953900867917824 0
17.309117559492243 17.186329943989364 0
17.463587652896784 1.2733766381127443 0
14.443288552868225 19.31107141886186 0
6.746984877825626 15.435279913476737 1
3.6028273952523793 17.155708243039914 0
4.915044018497512 0.9741164093032362 0
14.359912349411829 12.241264751389693 1
13.658831633487324 3.501173645305542 1
2.14351272241321 2.120558013480236 0
8.471956018603573 9.381503255175643 1
0.8599084432834037 19.600011386849957 0
18.752038455948547 15.027640773319327 0
19.383529979772504 1.4357304421957995 0
13.407086080019567 17.004608608028114 1
3.127668768987375 15.459525690416529 0
17.43965980254473 10.922288453676245 1
17.030545395667488 15.488294533748268 0
14.405936450731502 10.694262499413313 1
11.101746794967662 6.974495244863801 1
5.442977670620479 17.18743224299065 0
0.6334289838776819 3.8197698024049576 0
5.191458452952055 19.046463767775457 0
4.35108334546876 18.348732195145804 0
9.758359662689408 7.776752053663454 1
4.31665003724196 7.070975652962865 1
13.74981066334756 17.057115049595723 1
2.3348905699313405 12.868484704695689 0
3.897222125536246 17.842338712344738 0
18.154137002410064 18.750091926265323 0
11.285269663830551 15.528193678274437 1
1.2891054808475566 7.658387018257633 0
17.236552321365338 5.86573991651248 0
13.417821048557347 0.5039777248431698 0
3.3886845936586374 13.310012079630582 1
19.11194442467402 11.442272768661832 0
9.208996837359313 9.30198283242089 1
8.024380664959857 2.5464207258450755 1
14.2364461682969 8.692816190822839 1
2.262870924589262 12.630552449871196 0
0.27557547838619634 6.029638596768785 0
12.256135291673164 7.473860435685033 1
2.983071708044127 11.637086245306882 1
0.633446486528173 12.151739258235871 0
3.574376969668005 12.689778644681752 1
3.676325067074635 17.386381706611125 0
4.0395768257897835 18.964896281264622 0
0.993382745685496 15.399918923096465 0
8.525406829553441 13.258308895439226 1
19.452034679488207 12.627326619035559 0
12.22308260153715 14.66430140855708 1
16.171188388358107 4.3830384075028235 0
4.206140347783558 14.746178664994634 1
17.153617770191453 15.818537571915725 0
3.4274478623773774 8.035462456889888 1
6.273713069167779 4.401249313523281 1
6.486624090431537 11.335306747408682 1
0.9912663435998237 19.099166871287345 0
19.625920922177354 15.999650695443668 0
2.054393258742455 2.9730391916969934 0
14.355477149986065 2.658628967776604 0
17.792113522229283 14.708595119891026 0
19.821962022443916 16.307361241243164 0
13.1897138780723 2.1759857661662774 0
8.340464594988086 16.321701725897714 1
9.433756635850227 17.35152975350568 1
9.109267280177038 9.632146128634657 1
6.2373366446574385 7.126487123756114 1
10.44966725868951 3.4201880063372236 1
6.355289160822732 9.917564981116485 1
5.5479141223993045 12.501671476181286 1
0.6526479624978365 2.4704371924552415 0
19.906631575452703 12.731059683435452 0
16.562923814830306 4.582428198566735 0
6.3020229602831135 9.772091037320434 1
18.81783105588607 1.379399754734718 0
7.542166167081987 3.8139737096015103 1
10.879672752809569 9.097033003926551 1
15.9002404380843 11.374328378859797 1
8.634251299608609 5.313248633444767 1
9.651624562886376 18.215298778604804 0
0.863214189061603 4.122083341023302 0
5.988768330473611 0.03520207698906486 0
0.2548702080452836 10.079201483913472 0
17.585757996560318 11.445106468890954 1
2.332345260780335 14.066056011397931 0
10.175426414751962 17.390127480349673 1
10.427632912939542 4.9293688181320245 1
13.588925094231039 18.603627063902287 0
0.36892625647113375 7.923622515662283 0
14.942137909069114 2.47570325288883 0
18.56042442906641 13.78780226554113 0
5.991597762117838 18.532280200080073 0
2.253802681902368 9.115821252839858 1
19.232761845844394 1.7991716970086657 0
7.278072215563938 19.27604192432523 0
7.881380288574141 5.3846629786024 1
4.829152373958669 8.675487803461017 1
15.562646987541545 9.727235790035921 1
3.1189200993410493 0.04316247049501065 0
0.06138915282823065 16.889857517290615 0
4.744932698545437 19.846801229155197 0
6.347888635748269 10.443819617163676 1
8.00898960416516 12.79848146412003 1
3.928325002128974 11.601004201301958 1
5.04786500535547 16.90748147461702 0
2.6475879959277537 17.52076418206301 0
4.474869319736785 3.4412950179114765 0
10.340571929549833 9.562390033164675 1
19.422819132944003 13.243474203427429 0
1.9782236777872786 19.5575831207219 0
19.48219688948453 1.1669232681484965 0
5.334082088446708 1.160045819643678 0
2.0588583035147234 7.250823983459139 0
0.050233966497927884 4.925588243871124 0
3.12605453380153 14.218939167417854 0
1.3595009725633833 0.6654200350479478 0
13.080631805433248 15.504885805817967 1
2.9805601901993595 17.401678661588466 0
19.315634942243427 19.196774613382168 0
5.793201111377089 18.396379713406166 0
4.435378620702228 8.54034571249928 1
18.336533748066216 14.795009331902415 0
4.636579349467345 4.532715483148825 1
18.406175487511124 11.064364807753758 0
0.36056570820603984 6.387460349035479 0
9.06799876423942 17.27941545508865 1
10.817572701339003 3.104730213067892 1
4.778743315673526 15.111960602180483 1
16.70652892358309 15.897098759360969 0
6.711959522884605 9.631528678646838 1
14.334387201016378 17.21197370187959 0
7.8999641249726515 15.543094462294214 1
7.565852821570385 4.308971660354722 1
13.818799022996881 12.413500386477196 1
16.610896043632284 6.415566898691121 1
0.7555945205092951 5.70582494820727 0
16.817478621966153 6.139926571347447 1
8.325037758686499 9.397040093519564 1
12.903585806197434 12.91958407541997 1
16.410613057953526 8.429458361499352 1
15.740519722307312 14.972465970793147 1
10.359227891399565 9.61472166005339 1
0.46372340148022717 17.290086181130448 0
0.11177687886465781 4.689445232719265 0
1.108083509049751 19.914844791383366 0
10.80077416907908 9.538634183169899 1
12.358457349800167 10.830173760698605 1
1.039997161359365 12.098564744809735 0
17.16553334284005 16.019989933085213 0
2.3313298535444416 10.041337304292979 1
11.685829423527816 19.019353073324975 0
7.248477793242087 5.4022307146251 1
9.123234952481798 15.976306147493759 1
0.9235977681632446 1.6809303260591757 0
17.374563220102583 15.84850631336787 0
12.52026529885878 5.371210866962675 1
17.315010880809933 16.658813326154128 0
15.08283940573384 17.07722765683938 0
9.580078805919246 12.369481034103574 1
4.8061222731806446 13.772495790547218 1
12.885423540821066 18.814788236849896 0
18.939950497985894 18.645024658582965 0
16.999536218952585 1.3238822455576638 0
0.5906900488774558 7.892083681279511 0
8.245775403992726 11.888282425915888 1
14.934269999866949 0.411471368305103 0
5.899821186681606 4.444188627727755 1
4.615551654634125 15.28255585866907 1
12.785308514162 12.96812509409956 1
1.196423798456756 8.87990369470118 0
3.333974106857842 7.8064918166132795 1
16.883368351545357 17.713218742307998 0
14.315147645271015 15.500531734060864 1
2.3121566006755967 12.943785202694414 0
4.853680691994631 2.458381329770869 0
7.868135263444098 19.127590713592767 0
2.0633409154669047 3.160826554459706 0
17.360492804803044 1.672554547952132 0
3.147417722597905 19.180665212575686 0
0.4165376289608602 19.660190506896164 0
12.224703649484741 3.8270052950634392 1
16.981282648005987 10.293074981234394 1
5.506575468021921 18.368080040177386 0
3.130303983239713 10.003845845582983 1
10.601777879047287 10.941040373507265 1
8.75827658304724 19.513350712037408 0
16.3306266142835 19.64570116634187 0
12.373011433153316 7.3783220921687676 1
6.349626014264523 8.409001765360749 1
2.3835813688968233 11.655683631856704 1
15.826663875745172 9.365782304791546 1
3.8374261512678975 17.061450023764728 0
12.081314593162906 11.706269313510322 1
16.808714493271363 6.684005889333273 1
12.78329392162176 0.5178830120725664 0
15.38711560955748 5.225514671390668 1
1.5166561708270199 13.67758850981329 0
7.264386491208763 14.619863831852516 1
14.298387243560155 3.47412087360514 1
3.9045621220438043 9.000751554482163 1
0.5682127707410434 15.315298739503104 0
7.008177191594152 4.264085041703487 1
16.013504480541386 10.578484790051208 1
5.725522530091407 3.6089512541054303 1
4.792403553589573 16.119469483564718 0
2.5449832774276904 7.268923408951496 1
6.936889635860519 1.1608490809200167 0
16.393814631184615 7.363270848834942 1
11.878476512626325 18.401515462157622 0
11.877160953747286 17.48447019326512 1
7.369875225288771 17.570684303588482 0
7.1906370235372385 16.11532539536747 1
0.5485502627398131 10.164414299902667 0
9.419471699512869 8.288641222031803 1
18.140617232542763 16.706258522985717 0
5.4084593393301095 15.518820952574812 1
18.342811229590957 13.934839755495652 0
11.629847167485867 8.738767612803517 1
2.535962333883106 12.660188255922815 1
19.89315126513946 12.849074337716429 0
2.3724623277009838 6.721217389866412 0
18.18678067370344 5.10282615816565 0
10.41423196358089 3.3991119805080428 1
3.2075618601046663 13.390579918810335 1
5.1160807089685845 0.8251040561169742 0
12.151839747322239 4.635098652795612 1
4.954283971684812 11.413970420163377 1
18.743325966714007 18.086323096756296 0
11.482428207089413 11.300755476338878 1
6.540851874286197 16.45913337346137 1
5.5653865022413935 19.89573623158769 0
1.8508459217017759 1.8494051707554582 0
17.361776793400917 1.1871750288518679 0
11.47053886154897 7.237708239288123 1
3.883402911076943 6.349819994243484 1
0.5821471856234939 12.180368519903729 0
0.9141784742418024 7.392631264475352 0
2.0627886794507866 7.582723902735635 0
18.92162034400334 4.941023204091564 0
0.3089081350606415 1.1235236302402707 0
15.726590960182659 11.46167125565988 1
7.054538423139838 2.9276113026778106 1
19.534288781320946 9.973713954145072 0
11.588684650989492 12.607665673785222 1
14.14966969303074 13.069291294513587 1
15.330132664111629 15.851933309741991 1
4.935404339215729 7.161391253537173 1
9.900248055668449 5.185630067761961 1
19.28416560337089 15.758596397654038 0
2.367753540427997 19.69367486794792 0
6.402481257216479 9.834042182546623 1
12.871856409910086 10.61636559952386 1
19.097073607730074 19.840271194583472 0
13.272478744718306 16.33728837478644 1
19.56431627937204 4.3066340757688675 0
16.657693598603732 13.699817432347857 1
1.2318460800641384 11.839254646278214 0
15.85157566980023 19.92205122625062 0
10.933491264068714 15.050937422951502 1
8.852798594999513 15.322501434932587 1
18.529536849438145 7.1105633008100755 0
8.866457629588693 0.12802902864709864 0
16.11711750089439 5.117578200934831 1
8.948351884084236 16.15665739812746 1
8.780682822506922 9.906187274406683 1
11.743117020167864 13.390604862633586 1
19.866075353637797 9.896254605335791 0
11.758146075592999 13.156824519769883 1
2.526632037245291 11.64505558796299 1
9.039688437809899 19.164106680225373 0
16.135938556099216 9.15408992378297 1
17.04870509575581 14.56174606563713 0
6.201199844807801 6.746924352057158 1
10.077432623706796 7.496965246026292 1
16.597528217442267 0.11473602838164121 0
7.444370909748104 18.41062766363047 0
9.50347724622273 13.771758554494507 1
3.6336626842694186 13.318256900898184 1
12.697916747156537 4.59393781884649 1
14.131918024226973 15.732266495560928 1
2.7707681077784185 2.39738830162207 0
7.662744598531663 4.770348653777951 1
18.005221873667782 10.55473907066191 0
4.962915278644062 7.636060664027882 1
3.87524371840007 0.6532191817025979 0
11.905964521362414 5.150946677097914 1
8.892066897715639 12.71336717421849 1
2.9722373778211275 18.1658600725913 0
15.900915178022359 3.3363622646707602 0
1.3340102074609606 16.86181599410923 0
16.928023707022493 5.5095814469289195 0
8.562239973140402 9.867733755767459 1
6.343822020226517 4.790968852866248 1
1.5180897974392127 12.239133378702942 0
14.080320178010899 16.528786630786357 1
3.8257311959854934 14.777765360926713 1
0.24921776106310967 3.8422867871625876 0
5.13207891163378 15.401857228601475 1
15.572948832368992 7.036626125451884 1
19.61632555997285 14.852997693934572 0
1.1660234586088314 13.951351014717382 0
0.5314161947026941 9.401767117817325 0
6.392595469515894 13.320632533200667 1
19.830223497102264 11.296826732726121 0
14.615611117343153 12.646975175973678 1
19.936490484629793 6.782502535668358 0
3.168481743557261 8.010209254866055 1
16.908778509889384 0.4729485386238719 0
3.7857126012038944 14.590148758504448 1
8.937581734983633 1.2108385140968148 0
2.949854701273553 1.8276321654938132 0
16.838232054414426 16.18943427527894 0
3.472404584723585 14.185991790559775 1
11.783586224165346 11.33411428927841 1
17.711594541115478 12.844670113930356 0
9.139566221299146 7.81763260293242 1
18.369054119839166 11.188024879055881 0
9.745621175053875 19.795347185789677 0
17.94253594998384 6.828982068198044 0
13.010891746407898 4.504229182670181 1
5.502598145103037 14.734082492837109 1
11.482335485623722 0.6388517867804988 0
8.405955710660038 3.15392164375786 1
17.98658962680419 10.20183351753381 1
6.788663963399502 7.065902308585031 1
0.15418375856366628 10.7958943226118 0
3.3734406372121684 14.75114594616345 0
7.931433514950779 4.440119144498071 1
17.643225074359002 13.218311849782296 0
16.682882840304693 4.292154930236707 0
2.3456068640489036 18.037064755739582 0
16.279969539961833 14.777923654554591 1
10.654836126928087 2.8509857343259526 1
6.6534204770882255 9.427257720496849 1
14.985021610299814 0.7967392907403958 0
13.426808112281986 12.041845440855464 1
0.015015153079900312 16.623806989154364 0
0.35736187316980805 12.463394597948987 0
5.936803917331486 17.745629062818907 0
4.457821355116042 9.043628599544194 1
2.5018132178997443 13.379984785991013 0
16.341170134037363 17.752705017202114 0
11.862564560597466 11.258271859519875 1
13.745801614105964 9.411959309733593 1
9.414711182882536 11.118912485917257 1
1.2791292121491615 16.173098157718545 0
0.6597659908833142 10.589878351162412 0
15.576423251520913 0.1987870578745521 0
5.23134932571187 4.30134133468028 1
9.232547561256316 15.927536417037771 1
15.258617633725056 10.667925114372931 1
5.528639333300742 2.9950891493391385 0
8.465234346240152 7.524364649392239 1
0.8106443686976128 8.509212600663872 0
14.554177257443353 12.824487857223472 1
17.40875042767103 11.131010896595315 1
11.106964419985134 15.090471368409277 1
5.649397351213519 15.629267472088697 1
2.530141675654489 1.768938895693215 0
2.4106023207017935 18.889311479296566 0
18.93593614226272 17.107542886505872 0
17.895982328879363 13.95475114701969 0
18.90381503516959 15.975074909597762 0
3.766408608808407 13.361327989239822 1
2.6946822701269624 17.84841360676088 0
13.207707942892203 7.50759040080645 1
5.359562424254278 14.777007595098743 1
10.572626227501258 4.64275499640789 1
11.369570693800226 9.704013790742447 1
8.097179250318318 10.3998054614434 1
7.296747844454654 0.7019876878375375 0
19.22085077775122 2.9170012212464136 0
6.157003470464131 1.2837045556726578 0
18.466475954548166 4.555861536348729 0
4.5638164322361945 1.8559345378127179 0
15.345541343455164 18.650487477852618 0
4.280735682658234 6.918322496113896 1
13.09869703268517 10.148634365137678 1
0.8808211702508251 17.502475759164533 0
0.6689986223959088 5.705972311541259 0
19.05716926490873 5.50155218634994 0
7.048089275525394 13.634439660105212 1
0.8299720616279083 10.355579538733908 0
13.063200789754568 5.970797727551485 1
7.723683947519033 10.401898669181072 1
5.691705017197655 10.151102627503974 1
4.72832254633059 13.761743155540088 1
6.035271523149362 8.654814435857503 1
2.234174145823815 10.093668763008555 1
15.506436176182243 14.036832336820915 1
6.850015571906624 6.564651117297824 1
12.452229001328455 3.862173817761325 1
14.638173669467953 0.3169155579634131 0
7.573183785391868 3.864444234119171 1
15.094769576357779 0.7403659199316515 0
10.815296915512178 13.73122219324652 1
10.607725465172535 19.848519144126364 0
10.713431762381688 16.402140752425375 1
6.7840761645452385 6.273987203768288 1
4.224933286121568 9.955673175899777 1
14.507270245764692 12.867665970659258 1
0.0094635692315026 15.619043561533509 0
6.685475084020194 19.8861437201366 0
12.428502373942806 13.112150965922886 1
0.3859379634725757 5.390016000850418 0
4.89432835335855 16.450691352376886 0
12.684417547242804 7.860138333803044 1
19.021423347005953 15.548778302447435 0
13.169378661668274 7.189889847789792 1
13.770308693132762 18.24914148790038 0
3.717554579695055 15.919779363142352 0
18.832365562847542 4.073808774631735 0
16.366593919710592 14.559518608411576 1
19.034993355211945 5.149962008388737 0
13.502760146653241 3.222897068065167 1
12.478665516037406 14.758184620114374 1
4.672300814553307 15.447852969263856 1
7.5021368682360485 15.478034602808108 1
14.206552765761138 16.658586888731087 1
1.4461217988297403 1.0343306931181018 0
11.47131522055028 3.8559734072798646 1
12.681710507817721 18.68712812175203 0
19.29627762271923 13.898159051083262 0
4.399866660602374 19.531096331209532 0
12.197055629023271 7.232387860395955 1
14.187732028669116 13.301122451424492 1
9.471117921514605 6.285548867493671 1
10.842628481275785 17.503805556334942 1
19.114198415964548 14.550338502940814 0
13.125840480495643 15.124567253152163 1
5.614136747710548 9.252013947972983 1
14.819462512084318 15.960143509532616 1
4.834413482648088 14.264846722721131 1
14.888788447513289 14.466040360863223 1
17.93710249498499 4.4415935217519165 0
9.619768527088851 7.667262271710413 1
9.567217155739078 0.022517557293153523 0
2.9572941563596777 11.712558732048565 1
18.536386313639902 18.78310027135623 0
0.6758635223959719 12.402609910637533 0
16.362072192527048 18.69854905177285 0
5.82489957464716 11.484831440390483 1
10.141005391114541 18.40990685899372 0
4.804802040559652 3.0215390476056103 0
8.525121603090643 11.512446417308283 1
4.818898412940509 15.958379641936434 1
8.993203856693953 7.8237303816528065 1
6.05897488706961 18.12930931646528 0
19.19135787640216 8.382362148475575 0
17.109361695238896 13.05033961709855 1
0.33872357569319833 2.0614776716090377 0
2.6486461782007065 6.349445210772469 0
2.790190371875134 10.40728233629732 1
2.249760501271194 16.416897381366663 0
12.604246539576348 8.445133235910752 1
9.858922166218655 4.974167262632864 1
13.26727219024895 13.26088552241737 1
13.574369210455856 18.382669824971092 0
16.331675463445638 6.813750892647647 1
5.9795687313291275 3.8405350112222747 1
11.942426812001361 10.324178762166653 1
11.738762353621555 2.8776823091807424 1
7.129933003847844 14.929733197071553 1
1.070826534232654 1.51954699389669 0
6.483945729719524 13.39371033075398 1
15.928545646933646 12.45962057998053 1
19.34041116639446 15.67212092556984 0
1.24341553058402 7.354716464427485 0
7.982416593590145 8.096774332561264 1
12.146416377782556 9.63718492366233 1
0.600460997876402 13.810632769826714 0
11.250174776381067 5.1729550028572895 1
6.117680352824308 2.7218883041992914 0
0.5135510435491408 19.626263982994796 0
1.8489894496881165 18.408507294614306 0
18.949060484687482 5.757389111552418 0
9.617891081169178 3.8882899101144264 1
15.289217438097815 6.327834736396598 1
0.11053057368806574 10.600079743545264 0
11.125051419517531 17.381886957897414 1
13.590900357993371 11.916788460679893 1
18.93612551542265 19.23451354753957 0
13.982447204955925 9.084028415221086 1
15.090242023826917 0.10796609949929259 0
13.484395197501378 8.790534538371046 1
3.2787930084700823 3.21952393424215 0
18.551007455456265 1.0192240470485525 0
11.764180582418906 7.441836741594985 1
19.375822308139696 4.18167540250238 0
2.322906121359327 14.641017170647725 0
17.416992424349303 7.290822409122799 1
7.810246214427576 3.3998854872308115 1
10.045049759591615 13.898627162309582 1
6.8611452585719235 10.313859653345732 1
18.1121456271468 14.493257227254137 0
2.5172679874753467 5.965506118689142 0
17.932380160971007 14.095345186242813 0
2.2616635964039333 4.945490771356189 0
5.803938105081934 16.41039576617133 1
3.3648794565817974 7.358332210029506 1
10.368731592757674 17.396542280455414 1
12.661938181405027 19.81984724261605 0
8.386667572558533 9.018053968176867 1
3.4914130304001256 12.301819125940941 1
12.905096624740267 15.12689753598295 1
6.466000805206651 10.93217281781195 1
2.588520029061847 16.585465507647328 0
3.742037803773497 14.893402149161217 1
5.356502896584551 16.53999134040639 0
5.46250146217864 5.802604911660813 1
6.962349232860417 2.6078024970307045 1
8.752215291550344 18.00746343262093 0
18.52269394528254 0.5752759783098305 0
3.7634526763324616 3.63976898218926 0
4.599639459146337 15.037836398497005 1
2.947841137906053 5.373391289271357 0
13.431542949415844 4.284002660985211 1
7.693394583963498 16.00621844187391 1
12.802385063102308 18.778012361914868 0
7.927438826583362 15.447319511746379 1
2.078490887984259 0.49705735663754247 0
16.88283128243566 11.772098855596694 1
18.956024905040458 16.309537141454943 0
8.261220805501047 14.782642206412717 1
9.825661495473653 9.097041719057943 1
10.094729344944815 5.069948641361613 1
3.7483998046184053 5.567169176593508 1
3.811465612674736 5.301086618945623 1
17.138231871535652 15.731195176457485 0
12.698780445552554 7.7482182874752255 1
16.072596767143917 19.108464567009136 0
18.581728882130275 5.250090043161924 0
17.158220378146968 15.359346440288865 0
8.630191806489194 12.771833923738205 1
15.344005591373422 2.4568033408192647 0
15.726529353123384 4.167378913429887 0
11.245431685670233 6.931131020245034 1
4.454965365878481 0.9115283507816074 0
13.130793737238488 7.600059595338116 1
8.69871230664482 16.04026151660833 1
8.27467588344582 17.48363865484142 1
18.32783705318072 11.882711494901352 0
11.925895731880225 3.1687933610838392 1
14.08977887866123 5.752327929887127 1
9.802238740074372 1.247831580847063 0
3.207743864960302 15.530940709537527 0
5.464781598106221 9.409747056941242 1
17.761685378069124 13.1876301149631 0
8.404137542249757 11.333430680706527 1
9.777229029098889 18.59823632676799 0
6.43554607831236 0.09609915045813988 0
15.809558118068862 5.843687689180202 1
3.2114052280137084 17.24963835821368 0
8.48264579724346 18.085024973465934 0
18.408768136244692 18.617585013718994 0
13.694239662906826 7.377889995467541 1
10.722289735986442 9.85513263519983 1
9.975902614625948 11.297421248456025 1
15.55366111085143 8.91700972357362 1
10.036445215126903 9.536171976198242 1
0.6092539909046724 5.726151282717453 0
10.237371215081964 15.285221329036299 1
5.209234005016166 19.406251020795118 0
14.667885362189121 13.069411311062506 1
4.763529680637673 15.967754501192502 1
11.17947542967174 12.785045098735072 1
18.887780072293655 16.656432056767375 0
9.709842640859598 14.824505813298236 1
16.89011825762509 3.9096738669960107 0
6.21677431620411 16.929411598490617 1
16.54583032364767 3.580363701985221 0
11.894722725031166 4.158248563237386 1
15.909226806104925 15.692764996690585 0
9.764971398231648 6.574703091623473 1
12.000605330799008 19.603561002430858 0
0.4580874594450135 8.463405855304607 0
11.676423854595146 9.615572713214677 1
2.933752647704957 5.127656398671689 0
7.2300367576676745 2.3774926845450817 0
0.47412659534334267 14.789793065489867 0
10.121922775768017 1.083874614173812 0
3.5022907233668787 15.219094251457513 0
12.045665350849099 19.51780020006106 0
13.105214712596347 8.85126166145441 1
8.159522962464527 4.08655256627611 1
1.0659751621413927 3.157373492879958 0
0.44745744991366854 13.005983968896155 0
0.8698533496070548 4.580602672138195 0
13.71947058372691 1.5692460343992098 0
17.239890180941458 6.470144363779269 0
11.18432369851302 2.0114438185968098 0
6.194484494467034 0.49743543596552087 0
3.1695811315303146 10.196479411828808 1
2.452944308307705 19.584068697174676 0
0.37701563963944196 9.622524671831895 0
0.849150341520073 15.769778080883608 0
12.486613168232992 0.5017975935643548 0
8.492111230320633 14.682257178278117 1
11.773045160296293 18.525773367663234 0
18.714288066213733 12.983307667082704 0
3.3852967080407237 12.317826886403576 1
12.324721751672595 3.911963638741802 1
12.438983965871078 0.1561823282251762 0
3.413695117379123 11.595017172617847 1
18.79574252515084 4.447483317502455 0
6.886595538779501 16.040520642755375 1
12.488064502240544 16.919921405738563 1
4.135951966322573 11.51118338851828 1
8.473717896406935 1.1753696437610262 0
16.969489603018882 10.255004184909918 1
0.390993256247707 14.185192919353506 0
11.867689132196492 0.7143375712634725 0
7.925493976797897 3.8801762510326476 1
15.60013752413424 3.2723854219464266 0
3.5704935332010823 1.7797578241652512 0
19.547312985145712 5.4457486386430976 0
3.883031772391765 2.5354124134884826 0
14.794686034365693 9.159192608856499 1
19.023785015889597 1.8474338537056778 0
12.90036057688029 2.1400489017726465 0
2.9950823853655506 3.748097981395595 0
0.7621689177581525 13.385238920570739 0
10.358597700893037 14.90768625192664 1
11.297738961954902 11.411624345796039 1
12.46198112475958 12.845208220694166 1
15.900008769468919 8.37319380269725 1
10.641916707620691 8.883646245686235 1
13.274919679427482 5.923992137443026 1
3.313871145338354 12.610050056552724 1
8.803733623499292 1.7590386014900794 0
4.777011267815558 6.446674738197709 1
3.0413252517181366 10.912843046956738 1
1.5476288483995915 9.749809387071771 0
5.056278171865025 14.75589566665614 1
17.68700986288343 19.000837693620532 0
13.541978367279182 12.260757072772705 1
0.8476398071894842 17.4580340449118 0
5.914250374954227 5.923281250357895 1
15.382128863756698 14.536469470956959 1
6.435240634009187 18.428010311890247 0
2.0135586732424415 4.5990546270739845 0
18.41487436246141 14.439566763614186 0
18.79661784478739 9.878753145079731 0
16.325207221046927 16.001740426580906 0
15.483044462278247 14.881253708015883 1
7.96050858959112 18.33503665659031 0
18.23714261700586 3.3619079187501444 0
9.437241996562536 4.956985494911357 1
8.986435796120876 4.83867033346455 1
13.853015772032416 0.33485430712653086 0
18.636084989765365 16.293088865341613 0
12.638261369945326 2.646297416114154 1
14.031340917676694 7.88384389589325 1
12.948044633343628 1.363294108700872 0
13.784852436377388 7.808713908227098 1
13.867058928428577 18.44299523016747 0
12.081440279270794 11.71439198581294 1
7.7910308635606444 3.0023993046260777 1
15.826996031202933 14.214324122084502 1
3.2097583248206885 0.35732354492755913 0
16.60103063426231 1.884266115410036 0
5.824231191289233 14.625026731713685 1
6.766485260074299 0.02496061585043563 0
7.018154552132822 13.531708240887287 1
6.4271794026355185 1.6256618834156789 0
0.431655243225495 14.185420080616517 0
12.924122349892224 10.95573263679543 1
7.052958144858399 7.383263550297226 1
1.4646681652594529 5.5746060031054645 0
0.4087735247248325 0.7950700453605197 0
5.182376411622418 7.339196768568943 1
6.9388874716964715 3.2506039127595088 1
1.4459747334483564 0.43424164019508993 0
14.621255783865019 6.30833519613261 1
5.370689152460333 9.17522289176189 1
17.393760478543687 14.039093067805599 0
2.738625678700659 11.26598549708939 1
7.2689989940796025 14.527548057641933 1
0.721090543029661 2.078178769934733 0
14.805771997708527 14.636343134503571 1
14.064583055487718 6.9130974147827455 1
7.397419023493173 5.0991857561426945 1
5.652583877862236 12.130042721452671 1
16.425422824676925 11.455441171354275 1
1.3005672397496593 9.626768056685194 0
18.879010086482154 19.422419900552658 0
18.649887253576264 5.146724914856826 0
2.2495565015535535 9.914212275186753 1
3.797980091721791 15.35462300028928 0
13.20170585491436 8.174121720471074 1
5.842754173048315 14.791764392324367 1
13.907970901514764 12.86191982128014 1
12.577957873013194 5.536805259414733 1
11.728789218453917 0.2577975698212498 0
6.65357254300382 11.176503619349965 1
13.180979532900805 10.597408528230371 1
6.781891526572801 19.945331107186675 0
13.445021627215421 16.541933013714683 1
5.862365695662389 1.1850671232550347 0
17.540943113102053 9.65104915682617 1
9.570564717170019 15.604241306488003 1
17.143764874056238 16.139292199465388 0
19.19784090178952 11.879242367732331 0
15.560340332491895 19.480599772298536 0
15.709362141514191 8.840169926994907 1
13.210387910492116 14.121332939632868 1
13.574082938002082 9.94611642921474 1
13.33618661723749 15.860158433761104 1
2.9147292477605657 2.363222263920255 0
2.4020963324432443 18.761290559244976 0
14.006965491240983 10.94851427703346 1
16.987724964988587 18.76128003925499 0
17.95233588895608 12.16291831148563 0
3.107224919962115 2.55052844622897 0
15.43301088894996 7.093425577030683 1
9.420198582191352 12.088600701739264 1
13.606929947311066 12.997099159365446 1
8.367096773270227 8.238701002574015 1
15.453005423676466 14.810417581487407 1
15.771267973658698 15.329497016583035 1
14.391427872387831 5.401945965857369 1
5.039377070787179 1.103614087406266 0
16.315061437371632 14.562730131296986 1
19.895360976537717 17.532211133453007 0
18.010239399550642 9.652797459467076 0
6.698969906941656 13.69799860181991 1
0.6013327394162604 7.0890668122704685 0
6.779709357728782 9.110903827397816 1
1.3035671379200653 3.350534847106188 0
6.4037297685409955 8.51169744044109 1
16.13412952499701 5.479196491473591 1
10.842112451894392 4.290495404131853 1
11.896848885828618 13.55991575112921 1
17.35100203384533 13.697724121656943 0
14.296403041866284 18.697138055068518 0
10.436505643213824 9.03930447639478 1
8.040683053478318 10.029822146263234 1
0.56034495712183 18.7737332705056 0
11.449779103888151 2.308371252315129 1
8.140428751109168 9.371131439964401 1
8.985685379927705 17.319388093288385 1
0.4034159180716501 13.520080967607688 0
19.623687043085482 12.322074227847086 0
3.811291118308462 17.28034397430562 0
6.877183361274552 2.1197995588531615 0
7.550835356438199 10.990951530119467 1
12.137705725411035 7.128574105358652 1
18.648458852051796 2.0516545983632284 0
14.591382786656679 11.385122172930204 1
19.565810833935014 6.590672017288592 0
16.983331730621718 7.273835900916163 1
3.1791874480130966 4.1803225123539285 0
8.33068292392661 12.558296918545262 1
13.692971324716076 7.325702492703334 1
2.306316240951116 17.937049308941354 0
4.575149504125591 2.7849506501443266 0
1.8478599058601342 14.42222836861253 0
4.345762559159409 2.6130882490675367 0
18.304984735444634 15.364996790715754 0
7.798189367361552 15.770248452412503 1
14.968700387415982 10.319361408290176 1
10.822492410146404 12.50269728178555 1
13.264741969566247 8.820948335121061 1
9.636042705002719 2.7098820871366747 1
13.095961272958688 13.141203040753604 1
18.894722648307486 14.907843043517703 0
12.270353879228733 0.40138106726774314 0
13.642309129599656 18.939570525004 0
8.602462281676782 19.22051585713168 0
4.467001515179849 7.053568388594682 1
1.4934779766817363 5.239584893091179 0
7.151926939972997 2.6173399646162676 1
18.952068780843536 15.808379173433575 0
2.5987274084843115 8.213781159723235 1
2.9566744223495123 2.4613119980604936 0
5.519152002211327 2.983964039937459 0
16.196829027942503 7.746656602341759 1
14.520748442806967 7.820486186370255 1
5.689308985116918 9.212336423868015 1
14.551216160436482 3.627731272578625 1
2.546445645068649 4.247036555974364 0
6.300395838266453 17.877114099422656 0
19.7069625309709 8.121977427188838 0
10.880762880393762 19.99426969226197 0
10.97967167951765 17.391835259875716 1
17.85092230925669 7.320867273502108 0
18.022917637074947 2.1254009789915718 0
5.329842246759455 17.255530576516115 0
15.561434766114555 11.658162651570056 1
13.634569715474193 1.015389906337889 0
11.424009821287468 12.719990145242752 1
10.9173457435957 10.409935605325835 1
16.7126528310322 12.51240654573289 1
19.776280783819125 3.2139135447497136 0
17.219792342012745 12.612701317978967 1
13.720634224680717 5.231884408001921 1
5.859066924057679 7.884242091983444 1
8.89555395542356 5.9962618143977515 1
11.090291796639741 18.511896595484334 0
16.576042567353703 12.812057123231611 1
10.058140640372226 2.356761044629565 1
5.864647149690736 5.114727966492952 1
3.260045567287322 19.43668423381076 0
2.206282610464201 1.512193598948115 0
18.692002338857478 3.908593761723913 0
14.694176009984552 5.267835429685275 1
7.283762650168506 7.994969766353542 1
6.338719379962736 8.429812489679929 1
15.177262823222293 15.639778418658901 1
5.487644634784203 10.070373091861795 1
1.1374787420832821 10.253822515709496 0
4.334339678703001 11.530291380493416 1
13.363865180413475 5.909465181717333 1
0.36396205531723735 11.35936986704091 0
13.109114990251785 4.896079891991787 1
17.124797973071445 6.332328975842967 0
19.59033832855958 2.4378574987606094 0
13.338054393435621 13.1243123764171 1
0.9271876237943699 12.032890873155498 0
8.499172930421384 5.0216503499633784 1
3.8146658596735317 16.998416631432377 0
1.1567840512204985 3.2288898974116065 0
3.645036523995584 16.895221728377198 0
5.02827298654839 0.17499756171760472 0
12.851121856408596 12.191748784558435 1
3.0912492296098626 14.215063726889213 0
2.593743836867284 1.4215139419176226 0
9.81345345871641 8.164236841294553 1
15.578424053913782 12.710073973484368 1
0.7998962768829254 13.531978798870652 0
17.569439355718522 4.629708737296088 0
4.392155837007787 12.125045305635346 1
14.773904016091347 8.076718631520851 1
2.7027813110044208 2.2968953037433915 0
11.883970503634224 5.947748269749442 1
9.299535649927396 3.48356407728434 1
2.8130510877170067 16.297566919478584 0
7.658368410571644 18.083726451619974 0
2.761009642108685 18.76971755945815 0
7.115192476727792 5.813614177807089 1
17.14698427263173 0.7558795730137113 0
11.071224530576558 5.336292148231079 1
19.498468144949843 0.6829384820197948 0
2.388123743792905 10.446948073864384 1
19.468527992194023 12.961403158247709 0
17.62461050662328 12.977145479038674 0
17.97889180727645 17.706871506679207 0
10.105919496510833 0.8225357340413142 0
12.852768510518827 9.279921135615613 1
13.51971819386555 15.087555870697855 1
12.818469697798456 19.24354214214648 0
12.639591803902555 9.59208412218878 1
17.96743191916444 8.082780063061248 0
12.471286801978906 16.200964045270233 1
9.68158830737938 0.543635404822318 0
11.568541242212888 6.0702505914688025 1
5.375955640565733 1.7757667338082728 0
6.05251565675186 11.946405739337463 1
4.742897822106855 2.7793224577697706 0
15.234740362376282 4.238140418125392 1
13.770370671178123 7.051688505087473 1
19.714818159370015 13.223103442076717 0
19.565427103314292 0.6892998990118793 0
13.350845901488725 10.722548791032821 1
0.5710908887688548 3.596264865914469 0
5.970622930084466 2.3497903252362873 0
8.708768708880406 0.5682437088851389 0
9.768353200815746 4.67953915209518 1
1.951437707317607 3.920676653359023 0
18.98621721717755 0.7877367576065097 0
11.279028969807758 10.480804710546803 1
18.03748292571495 12.62512311535527 0
3.106839795402354 14.09035286703408 0
10.61786515836407 19.725059506919685 0
9.822317044571776 9.113601094512978 1
4.9133335992361715 18.210193701725586 0
5.92481752504237 11.399886990688818 1
8.014979762849864 15.497373991523581 1
17.787453588851672 18.97862611124316 0
7.461432092346865 14.515838649670938 1
12.179977874207442 3.5233306506342643 1
9.112325622248978 10.877526819224707 1
7.897324023259705 9.17575664212933 1
11.768468548882918 3.6646449419957783 1
4.574585972475145 19.812280905216912 0
8.051609359833398 7.768984080410812 1
12.770113395889858 6.436467309089524 1
9.310918779239412 15.351257870763117 1
19.9997227048353 3.391872668321587 0
0.05785224795400001 2.765260854275735 0
16.230438184867886 0.6501119185157056 0
8.818891937492861 9.339994030364469 1
13.718694248757595 0.06149809384613514 0
17.68191907142414 3.785523941425555 0
3.514966366486585 7.859947086412868 1
12.176162574134095 11.16533140834385 1
13.841271429267191 18.624341911595184 0
6.264598890203146 7.671699080706508 1
19.53433589179146 1.7444022306421947 0
15.067215909775788 19.32802896055453 0
7.912094554895388 15.211427368480027 1
19.57021574777808 5.147997745285446 0
11.17222132088571 3.4679053207885024 1
7.369713645715059 2.4867394996139924 1
19.523689527882336 2.163301047059809 0
5.374502697454231 19.401811372112064 0
4.943391888700028 9.66189567350555 1
9.331310454218933 17.20742630932796 1
15.86122959409253 9.057704284829198 1
16.790390170234534 3.6125479422979034 0
